<?xml version="1.0"?>
<opencv_storage>
<K type_id="opencv-matrix">
  <rows>3</rows>
  <cols>3</cols>
  <dt>f</dt>
  <data>
    4.03242505e+03 0. 2.05702539e+03 0. 4.02777710e+03 2.83152686e+03 0.
    0. 1.</data></K>
</opencv_storage>
