<?xml version="1.0"?>
<opencv_storage>
<K type_id="opencv-matrix">
  <rows>3</rows>
  <cols>3</cols>
  <dt>f</dt>
  <data>
    4.02052026e+03 0. 2.14150000e+03 0. 4.02052026e+03 2.85550000e+03 0.
    0. 1.</data></K>
</opencv_storage>
