<?xml version="1.0"?>
<opencv_storage>
<K type_id="opencv-matrix">
  <rows>3</rows>
  <cols>3</cols>
  <dt>f</dt>
  <data>
    7.73292725e+02 0. 3.77500000e+02 0. 7.73292725e+02 5.03500000e+02 0.
    0. 1.</data></K>
</opencv_storage>
