{
    "points_3d": {
        "type_id": "opencv-matrix",
        "rows": 121,
        "cols": 1,
        "dt": "3f",
        "data": [ 4.90887642e+00, -7.57078052e-01, 1.64390163e+01,
            5.03925467e+00, -9.10855889e-01, 1.59519520e+01,
            -1.20020473e+00, 2.05210492e-01, 2.70733905e+00,
            1.54004678e-01, -3.26702073e-02, 4.46191597e+00,
            4.25534105e+00, -2.95918250e+00, 1.68898792e+01,
            3.18969274e+00, 1.21154082e+00, 1.48392744e+01,
            2.89949083e+00, -7.31261909e-01, 1.52173834e+01,
            6.07516766e-01, 4.27952200e-01, 5.32391787e+00,
            2.82928014e+00, -1.75502670e+00, 1.53450422e+01,
            3.57738662e+00, -1.39495790e+00, 1.56980715e+01,
            -1.43751189e-01, 3.81282806e-01, 3.97204590e+00,
            4.22381133e-01, -1.38062346e+00, 4.89523554e+00,
            4.15971804e+00, -8.87549937e-01, 1.47217054e+01,
            4.18096209e+00, -8.91372025e-01, 1.48207150e+01,
            2.92925143e+00, -1.51717985e+00, 1.49077959e+01,
            3.51121736e+00, 1.03627360e+00, 1.54233971e+01,
            1.22200055e-02, -4.48129535e-01, 4.52901554e+00,
            5.32631254e+00, -2.07443500e+00, 1.81923199e+01,
            -1.11598283e-01, 6.37679279e-01, 3.50682044e+00,
            6.47412315e-02, -5.01128733e-01, 4.52736235e+00,
            -1.03208028e-01, 6.38478041e-01, 3.47875214e+00,
            -3.48236412e-01, 1.05690968e+00, 3.11792827e+00,
            -5.17383099e-01, -9.71443892e-01, 3.95236754e+00,
            8.23148862e-02, 3.69350761e-02, 9.92651045e-01,
            2.88769889e+00, -1.03184974e+00, 1.51072073e+01,
            -4.53151405e-01, 2.90653139e-01, 3.32732892e+00,
            6.34437740e-01, -1.14124514e-01, 5.42897177e+00,
            2.64011765e+00, -6.80119097e-01, 1.50657997e+01,
            6.84996843e-01, 3.91490996e-01, 5.31033325e+00,
            5.45365691e-01, 8.13272893e-01, 4.86938763e+00,
            -9.67238545e-01, -4.19574976e-01, 3.23322129e+00,
            7.00328052e-01, 7.99121141e-01, 4.92746782e+00,
            -9.95627046e-01, -1.96479395e-01, 3.14939618e+00,
            -1.18422486e-01, -5.44454753e-02, 4.13011169e+00,
            -1.23684072e+00, 7.64870524e-01, 2.59408450e+00,
            5.55538595e-01, 2.84832865e-01, 5.46700859e+00,
            3.58047009e+00, -2.20325947e+00, 1.61233330e+01,
            4.66738015e-01, -6.53537750e-01, 5.21215010e+00,
            -1.89975828e-01, 5.42435646e-01, 3.55596209e+00,
            3.57182932e+00, -2.52811837e+00, 1.61662235e+01,
            5.56028426e-01, 2.82769591e-01, 5.46134377e+00,
            -1.86192974e-01, -1.11722493e+00, 4.10633469e+00,
            2.74189162e+00, -3.16887641e+00, 1.48661394e+01,
            7.01509655e-01, 7.90091515e-01, 4.91426325e+00,
            3.74886870e+00, -2.84610581e+00, 1.66599445e+01,
            3.86970162e-01, -1.27109265e+00, 4.98566580e+00,
            -7.50184283e-02, -1.31468222e-01, 4.22756481e+00,
            5.35805321e+00, -5.31203079e+00, 1.84391747e+01,
            2.91318274e+00, 8.06199908e-01, 1.49792728e+01,
            3.38082433e+00, 1.11190867e+00, 1.47730427e+01,
            4.09652710e+00, -4.06397629e+00, 1.68656235e+01,
            2.74559355e+00, -1.52134240e+00, 1.54278984e+01,
            2.64710522e+00, -1.50245214e+00, 1.54350901e+01,
            -3.61280620e-01, 3.67638528e-01, 3.46701527e+00,
            2.60255551e+00, -1.92019999e+00, 1.53927860e+01,
            -8.90202343e-01, -3.78787480e-02, 3.28664517e+00,
            4.90521002e+00, -1.42108357e+00, 1.65353775e+01,
            -2.18960142e+00, 2.87140441e+00, 3.62003288e+01,
            -1.07810032e+00, 1.98439285e-02, 2.96589708e+00,
            9.18200463e-02, -3.01716894e-01, 4.43680000e+00,
            5.01716435e-01, -8.24655145e-02, 1.16938436e+00,
            -8.03957701e-01, -5.54902315e-01, 3.52312875e+00,
            4.90971982e-01, -1.46401298e+00, 4.92027092e+00,
            4.64324808e+00, -1.32020640e+00, 1.54231567e+01,
            -9.33165908e-01, 4.33308026e-03, 3.22476244e+00,
            3.89636588e+00, -3.90412712e+00, 1.70265617e+01,
            -9.72282529e-01, 1.96650073e-01, 3.11258006e+00,
            3.43327093e+00, -3.98274136e+00, 1.59938517e+01,
            3.48292136e+00, 8.38995934e-01, 1.57729082e+01,
            6.22510076e-01, 4.86281186e-01, 5.21675110e+00,
            -9.29181039e-01, 3.04463595e-01, 3.19419599e+00,
            -1.01747966e+00, 2.61724424e-02, 3.04489207e+00,
            4.37177086e+00, -1.27145898e+00, 1.52870798e+01,
            -9.27925587e-01, -1.03015587e-01, 3.25126672e+00,
            -9.37898397e-01, 4.08555055e-03, 3.21880889e+00,
            -3.72816026e-01, 1.08469069e+00, 3.05290675e+00,
            3.71428919e+00, 1.31450129e+00, 1.39735174e+01,
            3.85392761e+01, -4.84532471e+01, 1.60020767e+02,
            -1.23573780e+00, 1.43307999e-01, 2.66264796e+00,
            -4.88353580e-01, 1.87175557e-01, 3.39901304e+00,
            -1.00384784e+00, 3.72490771e-02, 3.08036423e+00,
            -3.15248035e-02, 3.85234535e-01, 3.98892307e+00,
            -3.40009987e-01, -7.31426954e-01, 3.87081718e+00,
            -1.01520777e+00, 3.38761695e-02, 3.08980823e+00,
            -8.27077389e-01, -6.02626085e-01, 3.52193522e+00,
            8.86465192e-01, 9.39085305e-01, 3.34340525e+00,
            -1.85296822e+00, -6.89079881e-01, 3.49914336e+00,
            -1.10327077e+00, 2.45153874e-01, 2.86567163e+00,
            -5.43271184e-01, 2.32812434e-01, 3.35278916e+00,
            -1.15951073e+00, -9.62896466e-01, 2.92873573e+00,
            -9.95680273e-01, -1.16154574e-01, 3.15296793e+00,
            -1.09393191e+00, -9.30290759e-01, 3.03888607e+00,
            8.75338987e-02, -1.08186233e+00, 4.33937597e+00,
            5.94580173e+00, -4.55052471e+00, 1.86802959e+01,
            -1.16718793e+00, 5.24866581e-01, 2.72211432e+00,
            -8.56142879e-01, -2.70144403e-01, 3.38823032e+00,
            5.72465956e-01, 6.64193451e-01, -2.49310613e+00,
            4.41433564e-02, 4.69657898e-01, 3.98045683e+00,
            -4.40160483e-01, 4.03821796e-01, 3.19792247e+00,
            -2.69763261e-01, -6.02128923e-01, 4.15310240e+00,
            -1.23270023e+00, -2.24159345e-01, 2.71661162e+00,
            -6.42463744e-01, 6.65362358e-01, 3.23953509e+00,
            -7.07214233e-03, 3.62029970e-01, 4.13570547e+00,
            -1.16058898e+00, -5.75562000e-01, 2.89536524e+00,
            -9.03455913e-02, -8.38387549e-01, 4.20540380e+00,
            -1.02603912e+00, -3.74412805e-01, 3.08595371e+00,
            3.99758625e+00, -1.12470281e+00, 1.52767296e+01,
            6.06833506e+00, -5.38468075e+00, 1.93420963e+01,
            -7.20636785e-01, -4.90580112e-01, 3.66929293e+00,
            4.40323263e-01, 6.06983006e-01, 4.62622499e+00,
            -1.07522458e-02, 5.82895637e-01, 3.80196214e+00,
            -9.68882859e-01, 6.42129853e-02, 3.16182780e+00,
            -8.54551718e-02, -8.35617185e-01, 4.18607998e+00,
            6.21878195e+00, -5.46809435e+00, 1.98261204e+01,
            4.87347269e+00, 1.15585351e+00, 1.54256353e+01,
            -1.10270643e+00, 3.14169586e-01, 2.85488987e+00,
            2.93731260e+00, 1.01860189e+00, 1.48919315e+01,
            5.53806973e+00, -4.13120222e+00, 1.82016678e+01,
            -1.06495857e+00, -1.06509399e+00, 3.09737229e+00,
            -1.76523402e-01, 4.95125324e-01, 3.59474611e+00,
            4.89951706e+00, -3.37310719e+00, 1.77044716e+01 ]
    }
}
