{
    "points_3d": {
        "type_id": "opencv-matrix",
        "rows": 334,
        "cols": 1,
        "dt": "3f",
        "data": [ 5.29016209e+00, -8.26089263e-01, 1.77162399e+01,
            5.41673994e+00, -9.90118504e-01, 1.71465511e+01,
            -1.19652832e+00, 2.06574515e-01, 2.69902635e+00,
            1.56035617e-01, -3.47263329e-02, 4.52060986e+00,
            4.52391052e+00, -3.15604067e+00, 1.79559689e+01,
            3.43721318e+00, 1.30204535e+00, 1.59911394e+01,
            3.09036016e+00, -7.84031868e-01, 1.62193470e+01,
            6.20897055e-01, 4.35966939e-01, 5.44107771e+00,
            2.99921942e+00, -1.86594653e+00, 1.62682858e+01,
            3.81288123e+00, -1.49395502e+00, 1.67318821e+01,
            -1.45370513e-01, 3.85715425e-01, 4.01734877e+00,
            3.10449934e+00, -1.61374831e+00, 1.58006725e+01,
            3.79221010e+00, 1.11481500e+00, 1.66579056e+01,
            1.23986071e-02, -4.55041140e-01, 4.57696056e+00,
            5.74060202e+00, -2.24766064e+00, 1.96073322e+01,
            -1.12732723e-01, 6.44895256e-01, 3.54257894e+00,
            6.54475167e-02, -5.08872390e-01, 4.57514048e+00,
            -3.51425320e-01, 1.06920302e+00, 3.14595056e+00,
            3.07105732e+00, -1.10236335e+00, 1.60670223e+01,
            -4.55566078e-01, 2.92693257e-01, 3.34525180e+00,
            6.46838188e-01, -1.19003572e-01, 5.53472328e+00,
            2.81114984e+00, -7.28055894e-01, 1.60421505e+01,
            7.00130105e-01, 3.98437411e-01, 5.42768145e+00,
            -9.66250598e-01, -4.19355303e-01, 3.22993588e+00,
            -9.95083570e-01, -1.95940346e-01, 3.14759278e+00,
            -1.19570442e-01, -5.60733005e-02, 4.17139530e+00,
            -1.23567402e+00, 7.68094063e-01, 2.59147596e+00,
            5.67572832e-01, 2.89453954e-01, 5.58508921e+00,
            -1.91797405e-01, 5.48241794e-01, 3.59005165e+00,
            5.68056285e-01, 2.87320673e-01, 5.57889366e+00,
            -1.86888233e-01, -1.12523258e+00, 4.12283516e+00,
            3.97983122e+00, -3.03011727e+00, 1.76876259e+01,
            5.67446852e+00, -5.64090109e+00, 1.95292778e+01,
            3.13097763e+00, 8.63347054e-01, 1.60996780e+01,
            4.32464933e+00, -4.30086565e+00, 1.78049698e+01,
            2.91415954e+00, -1.61957192e+00, 1.63755703e+01,
            2.80957770e+00, -1.59920931e+00, 1.63834076e+01,
            -3.63905847e-01, 3.70794415e-01, 3.49212337e+00,
            -8.91624808e-01, -3.72715816e-02, 3.29194999e+00,
            5.26577377e+00, -1.53638089e+00, 1.77505436e+01,
            -1.07673526e+00, 2.10020915e-02, 2.96211338e+00,
            -8.04770589e-01, -5.56252360e-01, 3.52664757e+00,
            4.95566726e-01, -1.48322582e+00, 4.96603584e+00,
            4.96276283e+00, -1.42167580e+00, 1.64845505e+01,
            -9.34336722e-01, 5.20981522e-03, 3.22879004e+00,
            4.11973095e+00, -4.13802862e+00, 1.80047531e+01,
            -9.73514020e-01, 1.98388323e-01, 3.11649776e+00,
            3.60812116e+00, -4.19479322e+00, 1.68098450e+01,
            3.76222873e+00, 9.01903987e-01, 1.70380650e+01,
            6.36159599e-01, 4.95570570e-01, 5.33068180e+00,
            -9.31670606e-01, 3.06995213e-01, 3.20270872e+00,
            -1.01709187e+00, 2.72391774e-02, 3.04372716e+00,
            4.66718960e+00, -1.36717033e+00, 1.63202610e+01,
            -9.28728104e-01, -1.02535941e-01, 3.25411582e+00,
            -9.39004719e-01, 4.97169513e-03, 3.22260070e+00,
            3.99760103e+00, 1.40952575e+00, 1.50394373e+01,
            -4.90877241e-01, 1.88417003e-01, 3.41666031e+00,
            -1.00381684e+00, 3.83416489e-02, 3.08031964e+00,
            -3.19049060e-02, 3.89677495e-01, 4.03700542e+00,
            -1.01521456e+00, 3.49949598e-02, 3.08986235e+00,
            9.01876688e-01, 9.54873025e-01, 3.40149879e+00,
            -1.10218132e+00, 2.46813878e-01, 2.86277628e+00,
            -5.45917749e-01, 2.34489039e-01, 3.36918020e+00,
            -9.95517492e-01, -1.15473740e-01, 3.15243959e+00,
            -1.08811796e+00, -9.26725686e-01, 3.02261710e+00,
            6.34129286e+00, -4.86933994e+00, 1.99231701e+01,
            -8.57165396e-01, -2.70478934e-01, 3.39241576e+00,
            4.47001867e-02, 4.75528598e-01, 4.03159666e+00,
            -4.42432433e-01, 4.06688541e-01, 3.21448445e+00,
            -2.71557003e-01, -6.08122826e-01, 4.18075371e+00,
            -1.22614038e+00, -2.22256988e-01, 2.70213962e+00,
            -7.16930581e-03, 3.66401464e-01, 4.18897915e+00,
            -1.15458202e+00, -5.72973907e-01, 2.88037133e+00,
            -9.08703655e-02, -8.46789658e-01, 4.23220348e+00,
            -1.02383697e+00, -3.73645991e-01, 3.07933402e+00,
            4.26626682e+00, -1.20876849e+00, 1.63039722e+01,
            6.46217537e+00, -5.75128078e+00, 2.05988884e+01,
            -7.22566128e-01, -4.92632121e-01, 3.67897820e+00,
            4.48656976e-01, 6.17768228e-01, 4.71373701e+00,
            -1.08697079e-02, 5.90279222e-01, 3.84820509e+00,
            -9.69820917e-01, 6.53850287e-02, 3.16485667e+00,
            -8.59170854e-02, -8.43936980e-01, 4.21229935e+00,
            6.63153458e+00, -5.84808111e+00, 2.11424942e+01,
            5.29091215e+00, 1.24666977e+00, 1.67466450e+01,
            -1.10185361e+00, 3.16058010e-01, 2.85268283e+00,
            3.15986776e+00, 1.09277809e+00, 1.60205364e+01,
            5.90204906e+00, -4.41739893e+00, 1.93982964e+01,
            -8.42824697e-01, -1.19453120e+00, 3.51728773e+00,
            -1.05935991e+00, -1.06119692e+00, 3.08084226e+00,
            -1.11741364e+00, -3.38542551e-01, 2.96998501e+00,
            5.22450399e+00, -3.60906386e+00, 1.88796139e+01,
            -8.20937753e-01, -1.04418206e+00, 3.56411386e+00,
            -3.81594360e-01, 5.25758743e-01, 3.24058294e+00,
            1.82638615e-01, 5.67687929e-01, 4.29026318e+00,
            -9.97433841e-01, -2.44006127e-01, 3.14032817e+00,
            -1.11525118e+00, 4.30665195e-01, 2.88318229e+00,
            -1.17950726e+00, -3.48911077e-01, 2.80756497e+00,
            -1.21580362e+00, -7.63208568e-01, 2.74303389e+00,
            2.99202752e+00, 1.87186282e-02, 1.61731033e+01,
            -3.94684404e-01, 5.49029946e-01, 3.20203972e+00,
            4.51886129e+00, -1.59396148e+00, 1.61171036e+01,
            5.28385639e-01, 1.05138183e+00, 3.28399849e+00,
            -8.77965510e-01, -9.65318203e-01, 3.46936846e+00,
            -9.40211788e-02, 1.02018200e-01, 4.21112823e+00,
            1.03809789e-01, 1.62789598e-01, 4.39252090e+00,
            -1.23312449e+00, -6.21881127e-01, 2.71261907e+00,
            5.71539879e-01, 1.60768703e-02, 5.59869719e+00,
            -1.06267202e+00, -4.10394430e-01, 3.03737926e+00,
            -1.02030396e+00, -2.66013652e-01, 3.15057492e+00,
            4.24433565e+00, -1.20229924e+00, 1.61944466e+01,
            -1.10966742e+00, 3.17137778e-01, 2.87009025e+00,
            -1.25549686e+00, 2.46587828e-01, 2.58486199e+00,
            -1.10003066e+00, 4.49318558e-01, 2.86132860e+00,
            -3.69722486e-01, 5.81379116e-01, 3.21287322e+00,
            -1.13552272e+00, 1.29269004e-01, 2.82937860e+00,
            -4.26192164e-01, -5.55915385e-02, 3.81625247e+00,
            -1.18140280e+00, -6.09313130e-01, 2.81044912e+00,
            -8.56113255e-01, 1.09645200e+00, 3.16002297e+00,
            -4.64929134e-01, 4.38097328e-01, 3.06284785e+00,
            5.65335894e+00, -4.35354853e+00, 1.95143890e+01,
            -9.68378067e-01, -3.20471436e-01, 3.15790653e+00,
            -1.03765404e+00, 4.88796830e-01, 3.01862645e+00,
            -3.97191793e-01, 4.77680504e-01, 3.21816492e+00,
            -1.00241113e+00, -3.27290624e-01, 3.18513560e+00,
            5.01020145e+00, -1.36056066e+00, 1.64603462e+01,
            -1.19072914e+00, -1.04892869e-02, 2.74504685e+00,
            -2.05065832e-01, 1.07219648e+00, 3.43414903e+00,
            -9.87317502e-01, -1.12898815e+00, 3.30253100e+00,
