{
    "points_3d": {
        "type_id": "opencv-matrix",
        "rows": 297,
        "cols": 1,
        "dt": "3f",
        "data": [ 2.33712997e+01, -3.18652368e+00, -2.89537754e+01,
            -3.74370499e+01, 3.54225588e+00, 4.97417641e+01,
            -4.06886902e+02, 4.87443924e+01, 5.37751587e+02,
            1.02636051e+00, -2.07809471e-02, 1.79116145e-01,
            1.02242136e+00, -2.03028638e-02, 1.72280878e-01,
            3.40727985e-01, -2.36712828e-01, 3.11451030e+00,
            1.02321231e+00, -1.91346481e-02, 1.70113385e-01,
            -1.80746719e+02, 1.36286163e+01, 2.26978821e+02,
            9.27917540e-01, 8.11341032e-03, 4.01740342e-01,
            9.57371235e-01, 5.56852669e-02, 1.29074365e-01,
            9.08249080e-01, 9.05903801e-03, 5.30588806e-01,
            6.84274912e-01, -1.28130764e-01, 1.55235338e+00,
            6.91396236e-01, 1.05961412e-01, 1.08911002e+00,
            9.96933103e-01, 1.55908214e-02, 2.03435030e-02,
            9.20009077e-01, 1.01752039e-02, 4.61550355e-01,
            9.22543943e-01, -2.53575265e-01, 9.44780350e-01,
            1.02675557e+00, -4.84369928e-03, 1.65932640e-01,
            6.13258421e-01, -2.17183739e-01, 1.97875249e+00,
            9.06085670e-01, 9.61419009e-03, 4.97527033e-01,
            1.01844180e+00, 1.05271675e-02, 1.39017567e-01,
            9.60571289e+00, -1.30291963e+00, -1.07348242e+01,
            1.00752437e+00, 1.32601466e-02, -4.13759090e-02,
            5.57249248e-01, -2.11152181e-01, 2.14929461e+00,
            1.73138306e-01, -3.90557826e-01, 3.89572906e+00,
            -3.72948796e-01, -1.45737052e-01, 2.79207826e+00,
            -3.07737279e+00, -2.65296221e+00, 1.07500906e+01,
            7.87518382e-01, 1.23185270e-01, 6.58212960e-01,
            3.16822946e-01, -7.22121775e-01, 3.53727221e+00,
            6.55019581e-01, -2.67096460e-01, 1.76656878e+00,
            8.97933781e-01, 2.15844736e-02, 4.82138097e-01,
            -3.29423457e-01, -1.59150958e-02, 3.87170458e+00,
            -6.72171474e-01, -1.59779155e+00, 5.88472319e+00,
            9.94249582e-01, 1.32125039e-02, 7.01370835e-02,
            9.99084592e-01, 1.45342294e-02, -7.22094858e-03,
            8.05046201e-01, 1.24885045e-01, 6.11725390e-01,
            9.92570043e-01, 9.99421533e-03, 1.43322423e-01,
            4.27395940e-01, 1.11796804e-01, 1.30028725e+00,
            9.92762983e-01, 1.15200039e-02, 1.22766860e-01,
            7.73603082e-01, 1.41226247e-01, 7.09225714e-01,
            6.98213768e+00, -9.75023806e-01, -7.97979593e+00,
            1.01277375e+00, 1.74032282e-02, 1.21112466e-01,
            6.56577945e-01, 1.21825039e-01, 9.31182325e-01,
            9.96504784e-01, 1.55395316e-02, 2.56795231e-02,
            1.01459595e+02, -1.49514484e+01, -1.35957428e+02,
            8.42767417e-01, 1.20450020e-01, 5.15497148e-01,
            8.56187284e-01, 1.12120211e-01, 4.73189652e-01,
            9.58982706e-01, -9.30646341e-03, 2.41231546e-01,
            7.57111669e-01, -1.36914715e-01, 1.47313428e+00,
            -5.41929483e+00, -1.39692354e+00, 1.06595917e+01,
            1.00251162e+00, 8.45661480e-03, -4.78060879e-02,
            1.01297581e+00, 1.56062637e-02, 1.22651964e-01,
            1.00067461e+00, 9.43334866e-03, -7.63838412e-03,
            9.77989078e-01, -1.79673433e-02, 2.54128039e-01,
            -1.19554043e+00, -1.14859843e+00, 7.10015440e+00,
            5.04811443e-02, -2.39600614e-01, 2.15373087e+00,
            1.00037420e+00, 1.29944710e-02, 4.44223033e-03,
            -1.53188944e+00, -1.01021433e+00, 7.70473146e+00,
            7.61242926e-01, 8.02121833e-02, 9.43540573e-01,
            7.46170044e-01, 1.16274834e-01, 7.46727288e-01,
            8.29105079e-01, 3.65078822e-02, 7.43094265e-01,
            -4.79195633e+01, 8.93135166e+00, 8.16530762e+01,
            1.02269757e+00, -1.78986993e-02, 1.69946700e-01,
            1.01544762e+00, 2.58357469e-02, 1.24908209e-01,
            8.54167283e-01, -1.62175894e-01, 1.01474845e+00,
            -6.11557150e+00, -7.67537951e-01, 1.13705082e+01,
            9.89379823e-01, 6.62635546e-03, 5.37224002e-02,
            4.33644199e+00, 1.41698110e+00, -4.08582306e+00,
            9.69918311e-01, 3.74389440e-02, 1.60469458e-01,
            1.21698312e-01, -6.90868199e-01, 3.45390368e+00,
            9.29807842e-01, 2.50145644e-02, 3.05356354e-01,
            6.86976433e-01, 1.38939992e-01, 7.08505809e-01,
            9.98249114e-01, 1.34055400e-02, -8.53459991e-04,
            5.54990530e+00, 1.19546127e+01, 4.34656982e+01,
            6.98270023e-01, 1.31348252e-01, 6.87365532e-01,
            1.01436996e+00, 7.02633429e-03, 1.33062303e-01,
            6.46857381e-01, 1.31522149e-01, 8.10959756e-01,
            1.02285218e+00, 9.67257563e-03, 1.48336157e-01,
            8.38432312e-01, 3.59990746e-02, 7.04271793e-01,
            8.99677277e-01, -2.71297425e-01, 1.02568591e+00,
            1.02542186e+00, -2.96494514e-02, 1.85226858e-01,
            1.02431786e+00, -1.39038370e-03, 1.58969402e-01,
            -1.93374789e+00, -4.04875763e-02, 5.16285944e+00,
            1.00053084e+00, 9.13219061e-03, -4.29227948e-02,
            7.24196672e+00, 2.73082805e+00, -9.06661797e+00,
            9.95815039e-01, 1.74757037e-02, 5.80499433e-02,
            9.20239627e-01, -1.10703848e-01, 6.83017254e-01,
            3.41628045e-01, -7.98040450e-01, 3.23861504e+00,
            1.01562548e+00, 2.77382322e-02, 1.24670140e-01,
            1.00829554e+00, 6.23854017e-03, 1.17934495e-01,
            5.43673515e+00, 1.91454530e+00, -6.09802198e+00,
            5.59570432e-01, 1.16468057e-01, 1.11208975e+00,
            3.68378937e-01, -7.76487410e-01, 3.09340191e+00,
            4.16795090e-02, -4.66903448e-02, 2.22072792e+00,
            -4.47794151e+00, -1.10245013e+00, 1.01291885e+01,
            5.67142129e-01, 1.37031674e-01, 1.62056935e+00,
            1.00064301e+00, 1.06859431e-02, -3.06910672e-03,
            1.01647902e+00, 1.27391107e-02, 1.33324057e-01,
            6.34804428e-01, -7.72982717e-01, 2.53225684e+00,
            -4.77438641e+00, -6.36826634e-01, 9.32753849e+00,
            4.58164960e-01, -3.11002992e-02, 2.04702210e+00,
            -2.99079537e+00, -4.16326895e-02, 6.70102882e+00,
            3.09906423e-01, 9.88404974e-02, 1.49308813e+00,
            9.64447081e-01, -4.49598506e-02, 3.58187467e-01,
            -2.00992718e-01, -1.21593535e+00, 4.16751194e+00,
            2.21025050e-02, -4.84658331e-02, 2.26569819e+00,
            1.01303244e+00, 5.06667281e-03, 1.32197827e-01,
            -5.68383741e+00, -1.53128430e-02, 9.65739155e+00,
            8.18631887e-01, -5.15705012e-02, 3.19487095e-01,
            3.22477072e-01, 8.10668170e-02, 1.54011941e+00,
            -3.56554222e+01, -6.35976744e+00, 4.70018501e+01,
            -2.61812180e-01, -7.05327615e-02, 2.91047311e+00,
            -4.66194153e-01, -1.49253154e+00, 5.08276176e+00,
            9.84455168e-01, -9.30700153e-02, 3.59419584e-01,
            3.73263508e-01, -7.59021878e-01, 3.08696246e+00,
            6.15643549e+00, 2.11790562e+00, -7.05177546e+00,
            7.36706778e-02, -9.23923492e-01, 3.83186126e+00,
            5.74566841e-01, 7.00507388e-02, 1.45891118e+00,
            9.95851994e-01, 2.99362116e-03, 1.39051050e-01,
            1.00402534e+00, 9.80937574e-03, -4.40835878e-02,
            6.30500793e-01, 1.14806481e-01, 9.97222006e-01,
            1.00896263e+00, 1.00876838e-02, 9.57877655e-03,
            9.86594260e-01, 1.06267957e-03, 1.42463341e-01,
            1.01249290e+00, 1.91145819e-02, 1.19693443e-01,
            7.66204894e-01, 8.69084299e-02, 9.28915679e-01,
            6.88625276e-01, 1.04052298e-01, 1.16815221e+00,
            5.15029669e-01, 1.17338106e-01, 1.10828733e+00,
            8.68021965e-01, -3.02270353e-01, 1.16917109e+00,
            7.74330914e-01, 1.29231229e-01, 7.85427809e-01,
            4.09942150e+00, -6.53808236e-01, -3.93931484e+00,
