{
    "points_3d": {
        "type_id": "opencv-matrix",
        "rows": 490,
        "cols": 1,
        "dt": "3f",
        "data": [ 4.51314831e+00, -5.36979079e-01, -4.62148762e+00,
            6.33601618e+00, -5.37650049e-01, -7.00382996e+00,
            5.23537493e+00, -5.46007395e-01, -5.66906500e+00,
            6.51749802e+00, -4.61418718e-01, -6.98878241e+00,
            1.06754971e+00, 2.22266442e-03, -4.16421920e-01,
            1.10315061e+00, -1.05812892e-01, -3.17237914e-01,
            1.06671798e+00, -1.28156680e-04, -4.26952183e-01,
            1.10062838e+00, 4.26174998e-02, -5.34250319e-01,
            1.37048542e+00, -1.20526016e-01, -1.35347068e+00,
            1.00239742e+00, -1.18007930e-02, -1.31557330e-01,
            9.72991049e-01, -9.62255299e-02, 3.07422310e-01,
            1.01952302e+00, -1.82205662e-02, 9.88216102e-02,
            1.09539974e+00, 5.48781976e-02, -5.28307259e-01,
            1.01321459e+00, -6.65977784e-03, 7.84049705e-02,
            4.07307434e+00, -5.00826240e-01, -3.90116596e+00,
            1.11920822e+00, 5.80408387e-02, -6.20352387e-01,
            1.13493574e+00, 6.30903840e-02, -6.78288162e-01,
            -7.03465879e-01, -1.89245835e-01, 3.47935677e+00,
            -9.06214447e+01, -5.96721191e+01, 2.44688400e+02,
            8.55220139e-01, 7.33171850e-02, 4.31700617e-01,
            1.12322843e+00, -1.38617894e-02, -6.21452987e-01,
            2.99433732e+00, 2.13286187e-02, -5.92429686e+00,
            -2.20285845e+00, -3.09843993e+00, 1.14235735e+01,
            1.01094854e+00, -6.94385078e-03, -1.75971925e-01,
            8.61655831e-01, 7.76507258e-02, 4.17022735e-01,
            9.98307168e-01, -2.65112915e-03, -4.37369570e-02,
            3.55283916e-01, 1.13298282e-01, 1.45682502e+00,
            9.98810768e-01, -2.49496964e-03, -5.53112514e-02,
            3.37395597e+00, -4.17845637e-01, -3.22797799e+00,
            1.06046343e+00, -8.45538378e-02, -5.86698234e-01,
            1.00879788e+00, -1.51325192e-03, 6.41795397e-02,
            6.90761447e-01, 9.76332724e-02, 8.25763345e-01,
            1.00236559e+00, -8.09200760e-03, -1.19322412e-01,
            4.59249687e+00, -5.70941508e-01, -4.94005489e+00,
            8.89385700e-01, 7.35991374e-02, 3.44616920e-01,
            9.06755149e-01, 6.19459711e-02, 2.88026303e-01,
            1.03498363e+00, 1.95580684e-02, -2.48028100e-01,
            9.97572899e-01, -3.29409144e-03, -2.41760779e-02,
            -2.74798241e+01, -6.07745647e+00, 4.77771492e+01,
            1.01889884e+00, -3.54234092e-02, -2.99987257e-01,
            1.00076187e+00, -1.04277562e-02, -4.10742424e-02,
            4.92200041e+00, 2.06183648e+00, -1.29131336e+01,
            5.87131307e-02, -2.49462277e-01, 2.13532996e+00,
            1.00067472e+00, -7.40750227e-03, -3.05375885e-02,
            1.04442954e+00, 4.56546247e-02, -2.83865303e-01,
            1.25153816e+00, -7.80096948e-02, -1.03753304e+00,
            8.14584374e-01, 7.39136636e-02, 5.29609203e-01,
            1.19229555e+00, -3.16084698e-02, -8.79327714e-01,
            3.25608635e+00, -4.37907368e-01, -3.83489704e+00,
            1.01571023e+00, -2.72172056e-02, 9.78733227e-02,
            9.99910414e-01, -1.33857073e-03, -3.12537402e-02,
            4.75306854e+01, 4.76916647e+00, -7.51891098e+01,
            1.03734767e+00, 8.72713234e-03, -2.83846200e-01,
            1.16608870e+00, -1.42014086e-01, -9.27157521e-01,
            -2.66489953e-01, -1.02277684e+00, 5.04566860e+00,
            1.19787049e+00, -3.65252309e-02, -8.99133742e-01,
            7.35657692e-01, 1.05321787e-01, 5.80824733e-01,
            3.76615262e+00, 6.85677624e+00, 2.47851810e+01,
            1.00953412e+00, -9.06582084e-03, 7.04040974e-02,
            6.92074478e-01, 1.02635354e-01, 6.91018283e-01,
            1.01763165e+00, -1.56040946e-02, 9.33413208e-02,
            -1.20046902e+01, -1.39087513e-01, 2.31168575e+01,
            5.34628439e+00, 1.86382699e+00, -6.40278149e+00,
            9.99655008e-01, -7.92120304e-03, -9.57436934e-02,
            2.80821145e-01, -8.99188817e-01, 3.58795500e+00,
            1.00448382e+00, -9.27797053e-03, 5.48871383e-02,
            4.36076403e+00, 1.41691923e+00, -4.69159698e+00,
            5.53447843e-01, 1.05588369e-01, 1.11773646e+00,
            3.49243641e-01, -8.25813174e-01, 3.22902036e+00,
            -1.98558182e-01, -6.97538629e-02, 2.78745604e+00,
            -1.71730362e+02, -3.40345993e+01, 3.23019135e+02,
            1.00087011e+00, -9.85739753e-03, -3.85516435e-02,
            1.01165235e+00, -4.99011995e-03, 7.36932158e-02,
            7.59194613e-01, -5.31410336e-01, 1.68873560e+00,
            1.34186471e+00, 2.18705274e-02, -1.34099412e+00,
            8.76333069e+02, 5.10025644e+00, -1.48609277e+03,
            1.29905045e-01, 1.11887895e-01, 1.87939966e+00,
            -2.24763989e-01, -7.18558058e-02, 2.84854770e+00,
            1.00828540e+00, -1.03344740e-02, 6.80216700e-02,
            4.21512833e+01, -1.44172832e-01, -6.01153336e+01,
            1.71318308e-01, 8.65116268e-02, 1.88168561e+00,
            2.43525581e+01, 3.90443206e+00, -3.02756824e+01,
            -9.83350337e-01, -2.04690909e+00, 6.95425224e+00,
            1.04401553e+00, -5.85999116e-02, -4.65569943e-01,
            3.53209317e-01, -8.09014559e-01, 3.22834754e+00,
            4.84222794e+00, 1.54206264e+00, -5.33341408e+00,
            -1.46058023e-01, -1.17010009e+00, 4.80268145e+00,
            9.96925473e-01, -5.82851516e-03, 7.15423375e-03,
            6.58803642e-01, 9.38462019e-02, 9.09185112e-01,
            1.00160980e+00, 1.78709824e-03, -7.05472678e-02,
            1.26671684e+00, -9.20438468e-02, -1.10467851e+00,
            1.33048320e+00, -1.05232619e-01, -1.28681350e+00,
            5.03895760e-01, 1.07528336e-01, 1.12255800e+00,
            9.67034936e-01, -8.13211203e-02, 2.68865287e-01,
            2.88483858e+00, -4.27712202e-01, -2.44957590e+00,
            1.01414537e+00, 8.43173242e-04, -1.77318275e-01,
            1.01306427e+00, -9.03270114e-03, 7.91972727e-02,
            1.31278121e+00, -4.94099110e-02, -1.22866786e+00,
            -1.48555832e+01, -9.46952343e-01, 2.72834892e+01,
            -5.00259101e-02, -1.24067783e+00, 4.48942423e+00,
            1.52990055e+00, -7.72180334e-02, -1.86894584e+00,
            6.46862268e-01, 9.02344510e-02, 8.42801571e-01,
            3.07787991e+00, -4.57278371e-01, -3.03687882e+00,
            7.20900416e-01, 1.04262002e-01, 5.28349340e-01,
            2.11281657e+00, -3.55164528e-01, -1.76492214e+00,
            4.40566969e+00, 2.17661285e+00, -6.67337132e+00,
            8.71177063e+02, -4.19244814e+00, -1.34218054e+03,
            4.43599319e+00, -4.95349109e-01, -5.83891153e+00,
            1.06850004e+00, -6.13415875e-02, -5.66782832e-01,
            8.01905251e+00, -7.33914733e-01, -9.69156456e+00,
            9.99450862e-01, -1.06454492e-02, -1.06659532e-01,
            4.52029991e+00, 1.50065565e+00, -4.91057777e+00,
            1.01690364e+00, -1.67205185e-02, 9.24797654e-02,
            6.66311741e+00, -3.24356139e-01, -6.95429420e+00,
            -2.85393600e+01, -6.75029278e+00, 5.07643051e+01,
            -7.75009990e-01, -9.75924551e-01, 5.34562159e+00,
            9.99666154e-01, -4.99547413e-03, -8.29486698e-02,
            1.01463485e+00, -6.82866899e-04, -1.86984092e-01,
            9.99200344e-01, 6.19709550e-04, -3.23518296e-03,
            7.30851471e-01, 1.00181654e-01, 6.01107001e-01,
            1.00770795e+00, -2.71559041e-02, -2.18207151e-01,
            2.05746059e+01, 1.95799959e+00, -2.44475365e+01,
            9.96803999e-01, -1.20283887e-02, 3.76671851e-02,
            1.12329316e+00, -4.65741344e-02, -5.15161455e-01,
            1.28070999e+02, 2.49473972e+01, -1.91492676e+02,
            -2.06361980e+01, -3.23253870e+00, 4.03498192e+01,
            -3.31771965e+01, -1.50169106e+01, 1.03701996e+02,
            -1.63428001e+01, -1.10426652e+00, 2.79593143e+01,
