{
    "points_3d": {
        "type_id": "opencv-matrix",
        "rows": 368,
        "cols": 1,
        "dt": "3f",
        "data": [ 4.74479556e-01, 8.21981579e-02, 7.38979936e-01,
            5.75592697e-01, 6.47246167e-02, 6.17800772e-01,
            4.59263206e-01, 6.03617169e-02, 7.56909788e-01,
            4.59784508e-01, 6.03415444e-02, 7.56335378e-01,
            4.46162283e-01, 7.25258589e-02, 7.60508716e-01,
            5.55712163e-01, 6.50634393e-02, 6.42556965e-01,
            9.26101744e-01, 4.91701206e-03, 3.90315533e-01,
            9.56962764e-01, 2.75061317e-02, 2.96203524e-01,
            9.62857902e-01, 3.19529064e-02, 2.84775704e-01,
            9.41726863e-01, 2.52532735e-02, 3.50503951e-01,
            9.46403563e-01, 2.60751303e-02, 3.32484841e-01,
            9.31666136e-01, -1.77907512e-01, 7.84170270e-01,
            9.97911811e-01, 1.95279010e-02, 8.51347204e-03,
            9.22874689e-01, -1.03564849e-02, 4.28983301e-01,
            9.07160282e-01, 9.38495174e-02, 3.15769941e-01,
            9.19181168e-01, -6.81354431e-03, 4.31380779e-01,
            9.52330232e-01, 2.61865966e-02, 3.18001717e-01,
            9.54968333e-01, 2.96851378e-02, 2.97927141e-01,
            9.70267475e-01, 2.84539349e-02, 3.03823382e-01,
            9.06917095e-01, -5.58678210e-02, 5.02908587e-01,
            4.49383229e-01, 8.97488892e-02, 7.47574151e-01,
            9.79562104e-01, 2.10984498e-02, 3.78866494e-01,
            9.91677821e-01, 3.30278315e-02, 1.26214921e-01,
            7.73643732e-01, -1.03860788e-01, 6.30530655e-01,
            8.97352993e-01, 5.49125634e-02, 3.68823677e-01,
            9.18201447e-01, -8.06107000e-02, 5.50524294e-01,
            8.58659446e-01, 1.02364533e-01, 3.74345392e-01,
            9.85410273e-01, 2.11197529e-02, 3.21762085e-01,
            5.06590009e-01, 8.76625478e-02, 7.18757749e-01,
            9.92435455e-01, 3.16170678e-02, 9.02673006e-02,
            9.79180992e-01, 3.25742252e-02, 2.61181742e-01,
            9.40743208e-01, -6.89915323e-04, 3.85229290e-01,
            5.59614420e-01, -1.16772978e-02, 7.19600141e-01,
            9.66935635e-01, 4.16392423e-02, 2.49373451e-01,
            9.10479546e-01, 7.19502643e-02, 3.29895943e-01,
            9.11446989e-01, -9.13988426e-03, 4.39753354e-01,
            9.94614005e-01, 3.49078216e-02, 1.28491402e-01,
            8.66227567e-01, 5.87809421e-02, 4.02218610e-01,
            6.55588150e-01, 1.27302734e-02, 6.56484962e-01,
            9.16061997e-01, 2.08747573e-02, 3.95391345e-01,
            9.18033183e-01, 2.11346168e-02, 3.89221966e-01,
            1.09323692e+00, 3.73813435e-02, 1.18353748e+00,
            9.33265984e-01, -4.89573739e-03, 4.09857482e-01,
            8.46684813e-01, -8.01790282e-02, 5.29006422e-01,
            9.18703556e-01, 3.57904397e-02, 3.72451544e-01,
            8.28359663e-01, 6.14539422e-02, 4.34396595e-01,
            9.83565032e-01, 3.74672227e-02, 1.83152586e-01,
            1.04817736e+00, 5.23304865e-02, 7.12267578e-01,
            8.79904628e-01, 5.58538511e-02, 3.88862133e-01,
            9.02014554e-01, -7.11800084e-02, 4.88535732e-01,
            9.93230462e-01, 3.74674276e-02, 1.35394931e-01,
            8.43042731e-01, 6.07847497e-02, 4.22093451e-01,
            4.88263011e-01, -1.68567359e-01, 7.90057361e-01,
            9.24787700e-01, 4.43555266e-02, 3.44717085e-01,
            9.87074316e-01, 4.01675813e-02, 1.63012445e-01,
            9.61411715e-01, 4.97597568e-02, 2.52134055e-01,
            8.29253137e-01, 6.95305318e-02, 4.29520428e-01,
            9.92717326e-01, 3.13934758e-02, 9.06370431e-02,
            5.90007544e-01, -1.74924098e-02, 7.06365466e-01,
            9.86251473e-01, 4.14597280e-02, 1.66617587e-01,
            9.03222382e-01, -4.42276858e-02, 4.80975389e-01,
            9.93141890e-01, 3.74684446e-02, 1.36371791e-01,
            9.89857197e-01, 3.82483862e-02, 1.54014722e-01,
            9.23740268e-01, -1.37642950e-01, 6.40890777e-01,
            9.92811739e-01, 3.80361676e-02, 1.37461334e-01,
            5.68858683e-01, -2.04975028e-02, 7.34639525e-01,
            9.02914524e-01, -3.34901214e-02, 4.40024972e-01,
            6.05836749e-01, -7.65171275e-02, 7.15567231e-01,
            8.43023241e-01, 5.47532998e-02, 4.36737418e-01,
            9.66233075e-01, -6.49652863e-03, 4.28047776e-01,
            7.55277693e-01, -5.43686926e-01, 1.82985973e+00,
            8.84621859e-01, 6.18344061e-02, 3.78409594e-01,
            8.93957973e-01, 3.85812409e-02, 4.13664579e-01,
            9.91356254e-01, 3.33712697e-02, 1.29393861e-01,
            9.93172348e-01, 3.76650579e-02, 1.37719870e-01,
            4.36276823e-01, 8.48363191e-02, 7.57268965e-01,
            7.86241293e-01, -1.21847879e-04, 5.15272021e-01,
            9.85377192e-01, 3.98189202e-02, 1.19191840e-01,
            9.15544868e-01, 4.18075286e-02, 3.69647831e-01,
            9.89169359e-01, 3.88018452e-02, 1.56085163e-01,
            9.87094104e-01, 3.68676223e-02, 1.59765691e-01,
            8.62521529e-01, 5.52633703e-02, 4.10758317e-01,
            9.94775176e-01, 2.26900689e-02, -1.85845997e-02,
            9.25702095e-01, 4.54370342e-02, 3.42215359e-01,
            9.99939799e-01, 3.55964750e-02, 7.14367405e-02,
            8.16685438e-01, 5.60451634e-02, 4.57929105e-01,
            9.05505419e-01, 4.28732485e-02, 3.84907335e-01,
            8.47982824e-01, -1.02022558e-01, 5.41637003e-01,
            9.75398719e-01, -3.56259018e-01, 1.47564280e+00,
            1.02745616e+00, -6.03366410e-03, 1.17775595e+00,
            9.91155267e-01, -3.19780270e-03, -9.27966461e-03,
            8.37527394e-01, 6.48064986e-02, 4.25692558e-01,
            3.77821058e-01, -7.38931671e-02, 8.44618857e-01,
            1.02667999e+00, -6.26762770e-03, 1.18570101e+00,
            9.22928154e-01, -1.65044546e-01, 7.56371439e-01,
            1.11080217e+00, -6.80507794e-02, 1.31305802e+00,
            9.58811998e-01, 3.05821858e-02, 2.49948472e-01,
            7.92351484e-01, 1.11025721e-02, 5.09659648e-01,
            4.35940385e-01, -1.74324811e-01, 8.19631159e-01,
            4.80107635e-01, -7.71340430e-02, 7.85458505e-01,
            4.97429341e-01, -7.44647086e-02, 7.64423609e-01,
            8.76749277e-01, 6.76563308e-02, 3.82069916e-01,
            9.89289463e-01, 4.09212932e-02, 1.53633624e-01,
            5.65395474e-01, 1.89496782e-02, 7.11790681e-01,
            9.08287764e-01, 3.01157199e-02, 3.92032325e-01,
            6.52443051e-01, 1.09812781e-01, 5.99635899e-01,
            5.33999681e-01, 6.97365701e-02, 7.10874021e-01,
            9.89227772e-01, 4.10842001e-02, 1.53946504e-01,
            8.38573396e-01, 5.74730672e-02, 4.27656174e-01,
            8.23464513e-01, 7.27908313e-02, 4.34170872e-01,
            8.95009160e-01, -5.82123436e-02, 4.59672272e-01,
            4.90321696e-01, 1.11319982e-01, 7.11135924e-01,
            1.04769409e+00, 5.36187626e-02, -1.63319990e-01,
            9.45402026e-01, 3.39898057e-02, 3.20646971e-01,
            9.06477690e-01, 2.02898104e-02, 4.03802842e-01,
            4.81143355e-01, -1.63018167e-01, 7.88935900e-01,
            4.37652409e-01, -1.86343968e-01, 8.20441604e-01,
            9.79882896e-01, 3.87954339e-02, 1.90967426e-01,
            8.40315998e-01, 9.06827897e-02, 4.05282170e-01,
            6.71192288e-01, -1.65848762e-01, 7.13827312e-01,
            9.43091035e-01, -1.49404034e-02, 4.25496131e-01,
            3.85265052e-01, -3.97898033e-02, 8.30701411e-01,
            3.93052071e-01, -1.65578812e-01, 8.39660108e-01,
            9.20849442e-01, -4.14638519e-02, 4.96949792e-01,
            6.14104331e-01, -5.59846610e-02, 7.03872383e-01,
            6.48489475e-01, 6.05649278e-02, 6.42959654e-01,
            5.95859051e-01, -1.83123052e-02, 7.03598917e-01,
            9.21003401e-01, 5.29825762e-02, 3.37349653e-01,
            6.46329463e-01, 8.15298408e-02, 6.33278370e-01,
            9.89410162e-01, 3.39837335e-02, 1.53183147e-01,
