{
    "points_3d": {
        "type_id": "opencv-matrix",
        "rows": 402,
        "cols": 1,
        "dt": "3f",
        "data": [ 4.24524933e-01, 6.52387738e-02, 7.85565138e-01,
            4.12712187e-01, 4.08952944e-02, 7.99469113e-01,
            4.13287818e-01, 4.08657342e-02, 7.98827827e-01,
            3.95346791e-01, 5.46504036e-02, 8.07063103e-01,
            5.17279208e-01, 4.48047556e-02, 6.74268425e-01,
            9.62316692e-01, -8.55914666e-04, 2.65259266e-01,
            9.69950676e-01, 3.29338387e-03, 2.42536351e-01,
            9.52674508e-01, -1.94391981e-03, 2.98479915e-01,
            9.34103251e-01, -3.38147208e-02, 3.74307722e-01,
            8.99346590e-01, 7.47670904e-02, 3.20432663e-01,
            9.29800868e-01, -3.11232042e-02, 3.80860150e-01,
            9.59845781e-01, 1.22574589e-03, 2.69730687e-01,
            9.22873437e-01, -7.11606443e-02, 4.27175015e-01,
            3.94354671e-01, 7.41343200e-02, 7.98034906e-01,
            9.97471273e-01, 1.08593993e-03, 7.22594783e-02,
            8.92334521e-01, 2.95532625e-02, 3.70406926e-01,
            9.37663972e-01, -8.46660510e-02, 4.38486964e-01,
            8.46257985e-01, 8.41406062e-02, 3.83839607e-01,
            4.58789110e-01, 7.11136162e-02, 7.64530838e-01,
            9.99093652e-01, -3.97345563e-03, -8.59219581e-02,
            9.51571047e-01, -2.44643167e-02, 3.26774836e-01,
            5.34293234e-01, -3.81988212e-02, 7.41595447e-01,
            9.70544159e-01, 1.28434086e-02, 2.26318702e-01,
            9.21102345e-01, -3.39930914e-02, 3.95279765e-01,
            9.96731460e-01, 7.57763302e-03, 1.13883227e-01,
            8.57760549e-01, 3.43438052e-02, 4.08513188e-01,
            6.35817468e-01, -1.31122917e-02, 6.75228834e-01,
            9.20582533e-01, -6.85267150e-03, 3.71335566e-01,
            9.22317684e-01, -6.66487170e-03, 3.65930736e-01,
            9.20357108e-01, 8.07589944e-03, 3.58256131e-01,
            8.15868199e-01, 3.78040299e-02, 4.44754452e-01,
            9.88456607e-01, 7.24686682e-03, 1.48192525e-01,
            8.72954071e-01, 3.08957025e-02, 3.93265456e-01,
            9.15594518e-01, -8.77601206e-02, 4.27199155e-01,
            9.68181372e-01, -2.26417594e-02, 3.20272416e-01,
            8.32188725e-01, 3.68560851e-02, 4.30761009e-01,
            4.76961732e-01, -1.97833285e-01, 7.91690230e-01,
            9.62264240e-01, 2.26845052e-02, 2.41132945e-01,
            8.16607952e-01, 4.67689559e-02, 4.39844906e-01,
            1.00021076e+00, -4.74362960e-03, -7.06551671e-02,
            5.68130970e-01, -4.45695221e-02, 7.25270212e-01,
            9.44521606e-01, -1.23470612e-01, 4.91504639e-01,
            5.46688795e-01, -4.73640785e-02, 7.54093230e-01,
            9.11013246e-01, -5.81349656e-02, 4.03100967e-01,
            5.92786014e-01, -1.05531394e-01, 7.22745895e-01,
            9.49884713e-01, -7.48466551e-02, 4.01081949e-01,
            8.77957940e-01, 3.74496095e-02, 3.82123768e-01,
            9.96792793e-01, 1.62832998e-03, 8.16274509e-02,
            3.81109923e-01, 6.86716884e-02, 8.07384431e-01,
            9.15747046e-01, 1.45135643e-02, 3.59825999e-01,
            9.92595077e-01, 9.58944298e-03, 1.36995882e-01,
            9.91219282e-01, 6.66707940e-03, 1.29283279e-01,
            9.53317344e-01, -1.08687669e-01, 4.98930484e-01,
            8.54110420e-01, 3.04541159e-02, 4.17036355e-01,
            9.98497486e-01, -1.49578545e-02, -1.37081578e-01,
            9.25049067e-01, 1.83995739e-02, 3.35179985e-01,
            8.03969383e-01, 3.19027901e-02, 4.69089150e-01,
            9.04653132e-01, 1.58727523e-02, 3.77801210e-01,
            8.59127581e-01, -1.22303657e-01, 4.99116898e-01,
            9.83322680e-01, -3.42588127e-01, 1.32534218e+00,
            7.78299153e-01, -2.79397741e-02, 5.18115640e-01,
            1.01517725e+00, -1.45819765e-02, 6.51517808e-01,
            9.93776083e-01, -3.16777192e-02, -2.58765239e-02,
            8.25810969e-01, 4.14339676e-02, 4.35402483e-01,
            3.48823786e-01, -1.01449475e-01, 8.65947545e-01,
            1.01751673e+00, -1.69380922e-02, 7.26987422e-01,
            9.45903063e-01, -1.38495862e-01, 5.61750472e-01,
            7.82036066e-01, -1.66450534e-02, 5.16822278e-01,
            4.22652602e-01, -2.03412741e-01, 8.23011518e-01,
            4.57504779e-01, -1.05726250e-01, 8.01745594e-01,
            4.74385023e-01, -1.03411980e-01, 7.81169653e-01,
            8.97756934e-01, -9.65240002e-02, 4.39233422e-01,
            8.68816435e-01, 4.41191010e-02, 3.87332410e-01,
            9.90226686e-01, 1.49744852e-02, 1.43791199e-01,
            5.36562145e-01, -5.52684348e-03, 7.38764226e-01,
            9.09594476e-01, 2.37092096e-03, 3.78749341e-01,
            4.93405014e-01, 5.05275205e-02, 7.50100076e-01,
            9.90122736e-01, 1.52249308e-02, 1.44288406e-01,
            8.27544808e-01, 3.32102962e-02, 4.36372727e-01,
            8.09834659e-01, 5.05521670e-02, 4.45774287e-01,
            4.33781236e-01, 9.86932516e-02, 7.64402270e-01,
            9.49397802e-01, 5.65892318e-03, 2.97291338e-01,
            9.09069717e-01, -7.57549098e-03, 3.86477321e-01,
            4.68068808e-01, -1.92642629e-01, 7.92617738e-01,
            4.25918400e-01, -2.15237319e-01, 8.21900189e-01,
            8.27274144e-01, 7.06167668e-02, 4.15847123e-01,
            6.77852273e-01, -1.89198866e-01, 6.88963592e-01,
            3.51199865e-01, -6.61310256e-02, 8.57703984e-01,
            5.99124610e-01, -8.46692175e-02, 7.14086294e-01,
            6.21718764e-01, 3.89591455e-02, 6.70791388e-01,
            5.74579000e-01, -4.54776287e-02, 7.21968174e-01,
            9.18399334e-01, 2.70099584e-02, 3.34948868e-01,
            6.15541220e-01, 6.24918565e-02, 6.65942430e-01,
            1.00041735e+00, -1.90992304e-03, -6.38562627e-03,
            9.27219629e-01, -6.36140928e-02, 4.22202498e-01,
            6.71491742e-01, -2.01867953e-01, 6.93391919e-01,
            5.58741033e-01, -2.18409044e-03, 7.20770478e-01,
            3.31024438e-01, -6.57289103e-02, 8.63581121e-01,
            8.86787057e-01, 7.08309039e-02, 3.46534699e-01,
            8.59491348e-01, -1.27866402e-01, 5.02781570e-01,
            6.54906869e-01, -4.99052554e-02, 6.69907153e-01,
            9.50299919e-01, 7.56573398e-03, 2.92960882e-01,
            6.25589490e-01, -5.07479757e-02, 6.90032959e-01,
            4.94932920e-01, 7.45129362e-02, 7.36365378e-01,
            8.51188600e-01, 2.01345254e-02, 4.59353775e-01,
            8.21925819e-01, 6.83225170e-02, 4.24127489e-01,
            9.35895860e-01, 2.23724041e-02, 3.05978835e-01,
            9.95913267e-01, 7.61258416e-03, 1.18580766e-01,
            1.01692522e+00, -9.46639478e-02, 9.74264562e-01,
            9.70853209e-01, 1.88031811e-02, 2.02525318e-01,
            1.00536323e+00, -4.21773642e-03, 4.75616902e-01,
            8.77381980e-01, -3.56564205e-03, 4.39664900e-01,
            8.67265880e-01, 3.52335609e-02, 3.97312045e-01,
            8.19818854e-01, -1.04659311e-01, 5.29634476e-01,
            9.20381010e-01, 1.53654292e-02, 3.47922474e-01,
            9.93914306e-01, 1.15876328e-02, 1.28068343e-01,
            8.57503653e-01, -1.20083883e-01, 5.00958502e-01,
            5.57665706e-01, -5.67793921e-02, 7.28550136e-01,
            8.75152171e-01, 2.09288821e-02, 4.23183560e-01,
            6.12768471e-01, -8.20642337e-02, 6.94645226e-01,
            9.39426661e-01, -1.36094615e-02, 3.38264972e-01,
            4.25152659e-01, -1.32861987e-01, 8.15334976e-01,
            9.64611232e-01, -5.34892548e-03, 2.78364271e-01,
            5.19204021e-01, 1.07482001e-01, 7.07708299e-01,
            8.76958609e-01, 5.43876104e-02, 3.74790877e-01,
            9.95656013e-01, 7.89365824e-03, 1.20185733e-01,
            5.94387829e-01, -4.96645495e-02, 7.11604357e-01,
            6.67251170e-01, -1.67650282e-01, 6.87159657e-01,
            8.30511034e-01, 7.24553913e-02, 4.14536953e-01,
            4.86734003e-01, 1.70845792e-01, 6.88140810e-01,
