{
    "points_3d": {
        "type_id": "opencv-matrix",
        "rows": 184,
        "cols": 1,
        "dt": "3f",
        "data": [ 3.35739762e-01, 6.70811906e-02, 8.94069552e-01,
            3.23054016e-01, 6.71681687e-02, 8.96199405e-01,
            -3.23454571e+00, 2.30226707e+01, 7.52951813e+01,
            8.91079307e-01, -2.70525534e-02, 5.17365515e-01,
            9.01286781e-01, -2.86601149e-02, 4.92906272e-01,
            8.76912892e-01, 2.33703107e-02, 5.36125600e-01,
            9.20154870e-01, -8.08214676e-03, 4.26195651e-01,
            9.98636544e-01, 2.61265375e-02, -1.24957077e-02,
            8.69790137e-01, -2.14864034e-02, 5.74811459e-01,
            9.10200357e-01, 3.26539092e-02, 4.63238031e-01,
            8.86472166e-01, -2.70876810e-02, 5.25835097e-01,
            9.11971629e-01, 3.30899470e-02, 4.54945594e-01,
            3.14250976e-01, 8.70502070e-02, 8.95108640e-01,
            1.00164700e+00, 5.11224084e-02, 1.15243495e-02,
            3.46643597e-01, 4.53397483e-02, 9.04932082e-01,
            9.10993516e-01, 2.56629735e-02, 4.66300011e-01,
            1.00330281e+00, 6.19862042e-02, -3.87724452e-02,
            6.18426681e-01, 9.94936973e-02, 9.84835625e-01,
            9.91935015e-01, 3.71965207e-02, 1.10179432e-01,
            9.13370371e-01, 5.62797748e-02, 4.63570744e-01,
            1.00677860e+00, 7.39176646e-02, -9.09967646e-02,
            3.49798679e-01, 8.91688243e-02, 9.00220275e-01,
            9.28895175e-01, -2.44416948e-02, -3.17762733e-01,
            4.27709162e-01, 2.45112032e-01, 1.35172069e+00,
            5.63120842e-01, -2.37478733e-01, 1.07811236e+00,
            9.96097803e-01, 3.22987586e-02, -9.36546773e-02,
            7.19486713e-01, -2.80705571e-01, 1.14652669e+00,
            6.02243006e-01, -1.56710312e-01, 1.03750634e+00,
            1.00306237e+00, 7.12410361e-02, -1.17664203e-01,
            1.01000595e+00, 8.31686184e-02, -8.52584690e-02,
            1.00680125e+00, 7.25580752e-02, -8.90141800e-02,
            3.56646121e-01, 8.08207691e-02, 8.99297535e-01,
            7.51564324e-01, -7.88342208e-02, 8.00818324e-01,
            9.95917857e-01, 4.68271077e-02, -1.11966364e-01,
            9.79547083e-01, 3.24152038e-02, -2.72894781e-02,
            8.72777462e-01, -3.46388631e-02, 5.56095421e-01,
            -9.74580169e-01, 2.09090614e+00, 7.46036196e+00,
            7.13605464e-01, -1.14972971e-01, 8.65802884e-01,
            3.88844997e-01, -3.39383334e-02, 9.35877204e-01,
            1.01462710e+00, 1.20195106e-01, -1.93310499e-01,
            6.12501800e-01, -1.43549025e-01, 1.01109850e+00,
            5.10034144e-01, 1.07906438e-01, 1.08240294e+00,
            8.97982478e-01, -4.83912304e-02, 5.06403327e-01,
            9.92003798e-01, 3.80159467e-02, 1.09642580e-01,
            7.01170802e-01, 6.28490839e-03, 8.16571593e-01,
            7.45348632e-01, -2.47197106e-01, 1.05537260e+00,
            9.95524824e-01, 3.09035666e-02, -9.89798009e-02,
            6.06657028e-01, -1.38164312e-01, 1.01627660e+00,
            1.00779355e+00, 8.43728334e-02, -1.28567994e-01,
            1.00786865e+00, 6.95131943e-02, -4.73447666e-02,
            7.51946926e-01, -1.45329252e-01, 9.02073324e-01,
            -1.37331188e+00, 2.48446703e+00, 9.01987743e+00,
            9.66091990e-01, -5.41215716e-03, 2.56524622e-01,
            3.79211038e-01, 3.92987311e-01, 3.37272239e+00,
            9.94647741e-01, 2.98513342e-02, -1.08054966e-01,
            7.46228874e-01, -8.18623900e-02, 8.17882001e-01,
            9.97527301e-01, 3.09948009e-02, -7.25616962e-02,
            5.59041262e-01, 9.96200293e-02, 1.03979218e+00,
            8.18622172e-01, -7.84947723e-02, 7.07252800e-01,
            6.79915428e-01, -2.43930101e-01, 1.14531910e+00,
            5.06575108e-01, 2.35980041e-02, 9.99420464e-01,
            9.67219055e-01, -1.66692603e-02, 2.57142663e-01,
            9.91058946e-01, 3.07902228e-02, 1.18584260e-01,
            9.10150170e-01, -3.09340023e-02, 4.69658524e-01,
            6.73051775e-01, -2.39610001e-01, 1.13780773e+00,
            3.17867309e-01, 3.91079970e-02, 8.91228616e-01,
            9.60656166e-01, -1.01176817e-02, -2.45740950e-01,
            -9.28792775e-01, 2.06341887e+00, 6.71074581e+00,
            1.00563586e+00, 6.21339865e-02, -2.16321386e-02,
            7.98265994e-01, -5.29122353e-02, 7.31973588e-01,
            3.31395954e-01, -1.36967316e-01, 9.52160358e-01,
            9.01632249e-01, -3.27937081e-02, 4.91000563e-01,
            7.63567328e-01, 3.86137143e-02, 7.41018116e-01,
            9.75437164e-01, 3.94522063e-02, -1.98527560e-01,
            5.80463409e-01, 1.09498888e-01, 1.02377927e+00,
            7.79733539e-01, 4.48033139e-02, 7.16421664e-01,
            9.93260741e-01, 5.25860824e-02, -1.49823606e-01,
            4.12722379e-01, -9.24183335e-03, 9.32170153e-01,
            9.96981204e-01, 3.33781391e-02, 4.75027710e-02,
            7.68320203e-01, 4.70855720e-02, 7.44589329e-01,
            4.24630672e-01, 1.22092657e-01, 1.12748909e+00,
            4.67889965e-01, 1.38714807e-02, 1.07293475e+00,
            9.70232129e-01, 4.13926505e-02, -2.16419101e-01,
            -8.69351685e-01, 1.95623946e+00, 6.62830544e+00,
            5.19604385e-01, 9.34713781e-02, 1.06807339e+00,
            6.87819541e-01, -9.20564532e-02, 8.82035613e-01,
            9.24765050e-01, 2.98416633e-02, 4.19575781e-01,
            5.71986258e-01, -3.52279156e-01, 1.26936102e+00,
            6.23728275e-01, 6.58391695e-03, 8.96951735e-01,
            5.73720396e-01, -1.28550902e-02, 9.03790176e-01,
            4.55173850e-01, 8.37062970e-02, 1.06263137e+00,
            5.02085268e-01, 3.93190868e-02, 1.00429404e+00,
            3.55860770e-01, 5.38659655e-02, 9.01202261e-01,
            8.09435844e-01, 5.32493331e-02, 6.70670450e-01,
            9.63464856e-01, 4.34061475e-02, 2.06639729e-02,
            7.17286527e-01, -2.23469123e-01, 1.15750706e+00,
            2.60807663e-01, -2.90225565e-01, 9.83143806e-01,
            3.94018859e-01, 5.19305002e-03, 9.29357708e-01,
            4.27202523e-01, -1.24882996e-01, 9.67750967e-01,
            7.02327967e-01, -1.59783158e-02, 8.18017721e-01,
            9.84296739e-01, 1.27776871e-02, 1.52450949e-01,
            3.15915972e-01, 4.30503339e-02, 8.78478289e-01,
            3.37374419e-01, -3.27465236e-01, 1.07071030e+00,
            6.27404094e-01, -3.12098742e-01, 1.53294408e+00,
            9.68024552e-01, 5.08331545e-02, -2.29124382e-01,
            1.02299798e+00, 3.81203592e-02, -1.05413243e-01,
            9.66992557e-01, 5.35675809e-02, 2.71210968e-01,
            4.22969013e-01, 1.39835969e-01, 9.02182519e-01,
            4.70542282e-01, -3.85424167e-01, 1.38185501e+00,
            2.56923258e-01, -2.97375768e-01, 9.78252709e-01,
            3.90164971e-01, -8.31991956e-02, 9.41163599e-01,
            3.70874882e-01, 9.23307613e-02, 8.92599225e-01,
            9.73778069e-01, -9.97934639e-02, -8.63994122e-01,
            3.13254565e-01, -2.14885518e-01, 9.92891312e-01,
            9.55768287e-01, -7.79605687e-01, -3.15310025e+00,
            8.02185714e-01, 4.73744161e-02, 6.79430664e-01,
            8.12068224e-01, -1.28168210e-01, 7.94644237e-01,
            3.85934860e-01, -3.21569592e-01, 1.08216012e+00,
            4.91222829e-01, -2.61504259e-02, 1.02437568e+00,
            3.91366303e-01, 2.18875527e-01, 1.13597918e+00,
            9.51900244e-01, -5.53733623e-03, 3.17045599e-01,
            6.44135833e-01, 8.75958502e-02, 9.59040344e-01,
            8.82491231e-01, 5.10520160e-01, 1.61742938e+00,
            3.50025296e-01, -1.03688546e-01, 9.40884829e-01,
            9.69171762e-01, 2.31629424e-02, 2.47177735e-01,
            9.98965442e-01, 3.14211212e-02, -3.65002044e-02,
            2.87962496e-01, -1.88558802e-01, 9.56344724e-01,
            8.02782238e-01, 5.45824431e-02, 6.96482062e-01,
            3.88633311e-01, 1.43596008e-01, 1.13400888e+00,
