{
    "points_3d": {
        "type_id": "opencv-matrix",
        "rows": 550,
        "cols": 1,
        "dt": "3f",
        "data": [ 2.58690596e-01, 7.09136128e-02, 9.72521484e-01,
            7.86077797e-01, 9.11379755e-01, 2.97193909e+00,
            7.31144726e-01, -1.11172937e-01, 1.14367771e+00,
            7.56616533e-01, -1.14600584e-01, 1.08409703e+00,
            7.56870627e-01, -9.09431875e-02, 1.13134825e+00,
            7.22635865e-01, -1.09750867e-01, 1.15316546e+00,
            2.47886986e-01, 9.24181193e-02, 9.72883523e-01,
            6.06416881e-01, -5.38978586e-03, 1.78425634e+00,
            1.87913984e-01, 1.68677181e-01, 1.96913505e+00,
            8.10948312e-01, 1.35133743e-01, 1.84249330e+00,
            5.49061239e-01, 1.42586648e-01, 2.07627177e+00,
            2.57414579e-01, 9.69600901e-02, 1.01435506e+00,
            5.64982533e-01, -2.24746957e-01, 1.05458093e+00,
            9.85329866e-01, 4.45143245e-02, 6.82648182e-01,
            7.45457709e-01, -2.31330901e-01, 1.00435913e+00,
            4.60432023e-01, -2.14816511e-01, 1.35100567e+00,
            9.66325819e-01, -4.07271385e-02, 4.28265154e-01,
            2.64142841e-01, 8.76527205e-02, 1.01458490e+00,
            5.87238133e-01, -1.45896837e-01, 1.25215626e+00,
            9.30027306e-01, -2.85303127e-02, 6.61541283e-01,
            7.17351377e-01, -1.12367980e-01, 1.12025785e+00,
            5.11356831e-01, 5.09183407e-01, 1.79806125e+00,
            5.99110782e-01, -1.65613621e-01, 1.15641809e+00,
            3.14215183e-01, -3.95023078e-02, 1.03559160e+00,
            4.62087125e-01, -2.03214496e-01, 1.34557188e+00,
            1.14339843e-01, 1.64044738e-01, 1.86030459e+00,
            7.89805949e-01, -1.27456397e-01, 9.43327427e-01,
            7.95605421e-01, 1.89182594e-01, 2.01975083e+00,
            4.14656132e-01, -1.89997684e-02, 1.49906385e+00,
            9.87356305e-01, 4.89944406e-02, 6.84393287e-01,
            4.44038242e-01, -2.00345978e-01, 1.37594295e+00,
            6.41630173e-01, -2.11993277e-01, 1.23187053e+00,
            4.97111082e-01, 5.18398881e-01, 1.85963511e+00,
            8.75302553e-01, -1.12700731e-01, 7.72232115e-01,
            5.72664082e-01, -1.53338626e-01, 1.29531181e+00,
            9.76127446e-01, 5.45511432e-02, 8.05687547e-01,
            7.79158473e-01, 3.18384878e-02, 1.37703860e+00,
            1.54129729e-01, 1.56165123e-01, 1.88780630e+00,
            6.79491043e-01, -1.55576482e-01, 1.16172433e+00,
            6.34328306e-01, -2.65720755e-01, 1.25252628e+00,
            1.95917740e-01, 1.77212805e-02, 1.55687857e+00,
            8.96663189e-01, -1.25826418e-01, 6.74410522e-01,
            8.39316070e-01, -5.77924922e-02, 1.02094471e+00,
            9.14208949e-01, -2.41289940e-02, 7.47699857e-01,
            7.81167507e-01, -1.17791109e-01, 1.01723695e+00,
            8.10756162e-02, 1.56117052e-01, 1.76409578e+00,
            6.23615444e-01, -2.63834029e-01, 1.25506699e+00,
            4.73540574e-01, 5.54266036e-01, 1.79241872e+00,
            5.88102221e-01, -1.36753485e-01, 1.38213539e+00,
            7.61445522e-01, -1.21509470e-01, 1.06340849e+00,
            9.97790873e-01, 3.47815417e-02, 1.46569416e-01,
            1.60266489e-01, 1.80438697e-01, 1.93408751e+00,
            4.45143640e-01, 5.91594875e-02, 1.65677059e+00,
            3.05934131e-01, -1.49839604e-02, 1.08109593e+00,
            8.53786647e-01, 1.50020450e-01, 1.83902109e+00,
            6.81574866e-02, 1.73609242e-01, 1.74990022e+00,
            9.95673060e-01, 3.53615917e-02, 1.11704223e-01,
            4.81694490e-01, 5.33993185e-01, 1.79601645e+00,
            1.15780018e-01, 1.40478611e-01, 1.86687863e+00,
            5.22257209e-01, -1.51625171e-01, 1.28318453e+00,
            6.41769230e-01, 1.06220255e-02, 1.70453894e+00,
            6.46721780e-01, -2.67532945e-01, 1.03209722e+00,
            3.39607388e-01, -1.27665624e-02, 1.49175346e+00,
            3.66024762e-01, -3.34216431e-02, 1.29000759e+00,
            5.60299158e-01, 5.65268159e-01, 2.34731889e+00,
            1.24592267e-01, 1.12350926e-01, 1.63593793e+00,
            1.93547368e-01, 4.27181982e-02, 1.55582881e+00,
            2.75858581e-01, 5.70766814e-02, 1.00081122e+00,
            4.47436363e-01, -2.01007009e-01, 7.56562948e-01,
            2.90932178e-01, 2.05670204e-03, 1.06861103e+00,
            4.04490948e-01, -1.25886500e-01, 9.96749818e-01,
            4.49766487e-01, -5.56259900e-02, 1.42141163e+00,
            2.84009665e-01, 4.46208976e-02, 9.15865362e-01,
            4.95604485e-01, -2.31787741e-01, 8.30632746e-01,
            9.95508194e-01, 3.51346023e-02, 1.09590083e-01,
            6.58296585e-01, 2.34525487e-01, 2.23803997e+00,
            2.70150304e-01, 1.65978134e-01, 1.11457241e+00,
            4.53695357e-01, -2.02219665e-01, 7.42270291e-01,
            3.62072438e-01, -8.46390352e-02, 9.76872683e-01,
            2.73161858e-01, 1.01182573e-01, 1.01625538e+00,
            1.00820887e+00, 6.17388964e-01, 4.16693783e+00,
            4.09974992e-01, -1.73303097e-01, 8.62631798e-01,
            4.68501747e-01, 6.73510730e-02, 1.66493547e+00,
            7.16486692e-01, -1.96791962e-01, 1.12248623e+00,
            5.27605832e-01, -2.29605854e-01, 8.45506012e-01,
            2.23394737e-01, -5.49522936e-02, 1.50041974e+00,
            8.36762130e-01, -9.85587239e-02, 9.04825330e-01,
            2.19277903e-01, 1.47334695e-01, 1.97108006e+00,
            8.22154939e-01, -3.48636098e-02, 1.12544024e+00,
            9.63508964e-01, 5.95119484e-02, 8.39739561e-01,
            3.94432753e-01, -1.49621069e-01, 8.25603843e-01,
            6.78662062e-02, 1.97808862e-01, 1.66377544e+00,
            8.30482304e-01, -1.80690233e-02, 1.13746047e+00,
            9.65373039e-01, 5.48893996e-02, 7.75997460e-01,
            3.94129515e-01, 1.10379376e-01, 1.88982320e+00,
            5.14337003e-01, 4.04532105e-01, 1.89372051e+00,
            5.60343981e-01, 4.47145909e-01, 2.15440059e+00,
            2.77553231e-01, 3.88761028e-03, 1.10627282e+00,
            4.35384095e-01, -4.90863584e-02, 1.46681285e+00,
            4.25303042e-01, 6.95154220e-02, 1.69495356e+00,
            4.82028425e-01, 2.75356263e-01, 2.28246832e+00,
            7.09946692e-01, 1.69637144e-01, 1.03004098e+00,
            4.01697934e-01, 5.08897781e-01, 2.06195283e+00,
            5.75233400e-01, 1.55047193e-01, 2.07674265e+00,
            8.86734307e-01, 1.13677211e-01, 1.62979519e+00,
            8.49381328e-01, -7.12122098e-02, 9.66769457e-01,
            8.86607766e-01, -1.50166522e-03, 9.04791474e-01,
            9.55819607e-01, -3.54440585e-02, 5.26814282e-01,
            5.41395247e-01, -2.40264013e-01, 9.05770779e-01,
            2.53239065e-01, 1.25404775e-01, 9.82222974e-01,
            8.57333183e-01, 1.48550019e-01, 1.78628600e+00,
            3.18703264e-01, -4.29998077e-02, 1.07664645e+00,
            1.68479383e-01, 3.97307396e-01, 1.84759331e+00,
            9.74106431e-01, 8.34386200e-02, 1.08174777e+00,
            2.70586669e-01, 1.82741851e-01, 2.03551412e+00,
            5.67481034e-02, 1.38159961e-01, 1.78914273e+00,
            3.12236339e-01, 2.85150796e-01, 2.21013737e+00,
            2.76290834e-01, 1.11363143e-01, 1.15211678e+00,
            3.68997037e-01, 1.27111316e-01, 1.87789440e+00,
            5.08019447e-01, 3.97474259e-01, 1.90901983e+00,
            9.94304776e-01, 3.68602201e-02, 9.57333744e-02,
            8.71239126e-01, -8.33594725e-02, 8.21767688e-01,
            2.34176531e-01, 1.69387370e-01, 2.01322651e+00,
            6.32958174e-01, 1.49943888e-01, 2.05113173e+00,
            5.40021479e-01, -9.60809141e-02, 1.44616282e+00,
            6.18062615e-01, -8.31703991e-02, 1.37169421e+00,
            9.98848915e-01, 3.67980450e-02, 1.82277501e-01,
            7.86900043e-01, 1.15982562e-01, 1.72704840e+00,
            3.45805258e-01, -6.24136031e-02, 1.07169127e+00,
            7.73355424e-01, -1.55134961e-01, 9.51403916e-01,
