{
    "points_3d": {
        "type_id": "opencv-matrix",
        "rows": 258,
        "cols": 1,
        "dt": "3f",
        "data": [ 9.87808168e-01, 3.73167358e-02, 8.04917067e-02,
            9.93511498e-01, 3.98027245e-03, -1.70772579e-02,
            1.37640226e+00, 2.82012969e-01, 1.39989066e+00,
            9.93570566e-01, 4.05844674e-03, -1.64388120e-02,
            7.21372843e-01, -1.28340110e-01, 1.38875258e+00,
            6.91211283e-01, -1.40534237e-01, 1.52139854e+00,
            7.23657787e-01, -1.25948027e-01, 1.51028001e+00,
            7.27720082e-01, -1.88483313e-01, 1.35390913e+00,
            6.99402213e-01, -1.55289069e-01, 1.47550642e+00,
            7.47458935e-01, -8.24439824e-02, 1.47018576e+00,
            6.61620259e-01, -8.56685489e-02, 1.46087980e+00,
            7.36248195e-01, 4.83022491e-03, 1.32363534e+00,
            7.46636569e-01, 1.04222558e-02, 1.26630616e+00,
            7.03011215e-01, -1.70355976e-01, 1.36026001e+00,
            7.34794796e-01, -1.21043608e-01, 1.34970427e+00,
            8.84973407e-01, -5.05918711e-02, 1.98835063e+00,
            8.86221290e-01, -5.01067899e-02, 1.98047078e+00,
            1.06884181e+00, -1.08264372e-01, 2.16067624e+00,
            -2.37296057e+00, 3.02850544e-01, 4.63504696e+00,
            7.61532426e-01, -2.72364229e-01, 1.18518889e+00,
            7.65406370e-01, -1.42254066e-02, 1.17081523e+00,
            1.39001775e+00, 2.59921998e-01, 1.45971704e+00,
            9.70627367e-01, -9.76056047e-03, 2.05789042e+00,
            9.86085534e-01, 3.55303288e-02, 7.85429478e-02,
            1.38295591e+00, 2.84502536e-01, 1.47305381e+00,
            8.62105727e-01, 4.42013219e-02, 2.77194083e-01,
            7.67097890e-01, -1.77175701e-01, 1.42806029e+00,
            3.22539330e-01, 1.33719757e-01, 1.70424139e+00,
            9.34447825e-01, -3.57460290e-01, 1.00937593e+00,
            1.06199050e+00, -2.33250186e-01, 2.09962487e+00,
            -9.08979058e-01, 6.03154860e-02, 2.76894593e+00,
            7.13457525e-01, -2.47978389e-01, 1.02098846e+00,
            6.81400418e-01, -2.73109019e-01, 1.13812637e+00,
            7.73361146e-01, -2.77103394e-01, 1.14029193e+00,
            7.46719420e-01, 8.50718245e-02, 1.29740119e+00,
            5.16578794e-01, -2.82014728e-01, 1.21888041e+00,
            7.66951144e-01, -2.66655028e-01, 9.56649363e-01,
            -1.55109036e+00, 2.53877312e-01, 3.70131087e+00,
            8.48796964e-01, -2.74914116e-01, 1.73280096e+00,
            9.99652803e-01, 5.72388619e-02, 1.77715585e-01,
            1.00118864e+00, -3.33842747e-02, 2.21188709e-01,
            8.75263810e-01, -3.59215826e-01, 1.41748405e+00,
            7.35712051e-01, -2.41620809e-01, 1.29910469e+00,
            1.02460623e+00, 1.18640229e-01, 1.74070823e+00,
            5.64459503e-01, -1.97398767e-01, 1.40626037e+00,
            7.64287293e-01, 2.40200170e-04, 1.25450003e+00,
            -2.31589174e+00, 2.69802958e-01, 4.52709103e+00,
            5.35567284e-01, -2.14654461e-01, 1.21113491e+00,
            6.88259244e-01, -1.78214848e-01, 1.34772325e+00,
            -2.20909804e-01, 1.71765402e-01, 2.30816054e+00,
            7.06483603e-01, -2.12292954e-01, 1.05589163e+00,
            1.00438416e+00, -3.31744641e-01, 1.79478550e+00,
            8.19825232e-02, 1.55655608e-01, 1.99367249e+00,
            8.55955184e-01, -2.94292986e-01, 1.06725502e+00,
            3.33630353e-01, -5.06880619e-02, 1.81432140e+00,
            -4.11478356e-02, 1.76102310e-01, 2.11587262e+00,
            1.06160986e+00, 4.80405539e-02, 2.18860912e+00,
            3.77508104e-01, -4.25001308e-02, 1.70240021e+00,
            4.93022561e-01, 1.80384174e-01, 1.44302821e+00,
            9.99237776e-01, 4.39608144e-03, -6.35250332e-03,
            7.90373623e-01, 1.34802796e-02, 1.67201436e+00,
            9.04142797e-01, 1.37435690e-01, 1.47805917e+00,
            1.12178421e+00, -8.93655419e-02, 2.33542490e+00,
            7.35502601e-01, -1.96626306e-01, 1.30867887e+00,
            3.78678627e-02, 3.29338084e-03, 2.01101661e+00,
            9.85873938e-01, -4.26559057e-03, 4.17167656e-02,
            1.78828582e-01, 1.38579994e-01, 1.89639628e+00,
            9.75809038e-01, 2.42994316e-02, 5.27151451e-02,
            -5.82553223e-02, 1.68076590e-01, 2.13057637e+00,
            1.09051871e+00, 2.00862195e-02, 2.20142579e+00,
            9.76226747e-01, 2.40079332e-02, 5.16395830e-02,
            8.29077899e-01, 1.44953176e-01, 1.22154701e+00,
            1.01165986e+00, -2.26324916e-01, 1.22218609e+00,
            8.35839331e-01, -2.47226343e-01, 1.29388154e+00,
            8.33859801e-01, 1.01609692e-01, 1.34260857e+00,
            1.13810337e+00, -2.48775631e-01, 2.49200845e+00,
            8.09198916e-01, -1.38182998e-01, 1.52173698e+00,
            1.00019550e+00, 3.01619060e-03, -3.45153026e-02,
            1.29670942e+00, -1.55972078e-01, 1.21606886e+00,
            1.08213437e+00, 8.94638672e-02, 2.07525086e+00,
            8.39516521e-03, -3.31739255e-04, 2.01962566e+00,
            1.00396955e+00, 1.33418053e-01, 1.69277751e+00,
            1.51904792e-01, -1.05590239e-01, 1.69193947e+00,
            1.15863717e+00, -9.00023133e-02, 2.26632214e+00,
            1.98243782e-01, -7.14788735e-02, 1.71434522e+00,
            1.38711298e+00, -2.22438239e-02, 2.56153679e+00,
            1.34875143e+00, 2.94828922e-01, 1.80262876e+00,
            -7.23976688e-03, 3.10651101e-02, 2.04081964e+00,
            6.28662705e-01, -3.53118598e-01, 1.01489401e+00,
            9.35380220e-01, 4.00745161e-02, 1.10456362e-01,
            9.38124061e-01, 1.15384139e-01, 1.53782809e+00,
            1.00481778e-01, 1.98895127e-01, 2.08219004e+00,
            9.75200832e-01, -1.83093607e-01, 1.33036304e+00,
            9.39364493e-01, 1.21300347e-01, 1.53688133e+00,
            8.71649861e-01, -2.96713084e-01, 1.08944070e+00,
            9.32617486e-01, -2.74644166e-01, 1.88496041e+00,
            1.15725720e+00, 1.53834641e-01, 1.99073172e+00,
            7.53077030e-01, 1.92963146e-02, 1.51781929e+00,
            9.48853791e-01, 2.68724002e-02, 1.17747866e-01,
            -5.92501760e-02, 8.62961709e-02, 2.15020370e+00,
            5.71334183e-01, -4.39931937e-02, 1.53608882e+00,
            1.54184365e+00, -1.52298793e-01, 2.69381905e+00,
            8.87776375e-01, 1.18647441e-01, 1.46078169e+00,
            1.01115429e+00, 1.48773417e-02, -1.01874575e-01,
            1.04254317e+00, 1.42041788e-01, 1.76468503e+00,
            7.64240324e-01, 1.78589560e-02, 1.45010233e+00,
            9.95248735e-01, 5.37986383e-02, 1.61328793e-01,
            9.61819112e-01, -2.30898738e-01, 1.68522859e+00,
            8.18926334e-01, -1.62975132e-01, 1.44777322e+00,
            1.77211344e+00, -4.48724627e-02, -1.10650206e+00,
            7.34041452e-01, -3.07145864e-01, 9.42662537e-01,
            5.12971878e-01, -1.99547231e-01, 6.61433518e-01,
            2.29859486e-01, -3.97823937e-02, 1.84284854e+00,
            1.07046640e+00, 1.28394678e-01, 2.12826252e+00,
            5.62901735e-01, 2.94678330e-01, 2.50525427e+00,
            7.81315148e-01, -1.18897453e-01, 1.52820086e+00,
            1.22153795e+00, -1.13355386e+00, 3.33149648e+00,
            4.06961203e-01, -8.79995525e-02, 1.62969506e+00,
            3.84925842e-01, 1.08577713e-01, 1.61011636e+00,
            -1.37199879e-01, 1.24146320e-01, 2.21794939e+00,
            7.10821867e-01, -2.75548458e-01, 9.63205397e-01,
            9.97230768e-01, 5.02758613e-03, -3.05719320e-02,
            -4.50596452e-01, 2.77806014e-01, 2.68359041e+00,
            5.46516955e-01, -1.90260723e-01, 6.12805545e-01,
            8.34495962e-01, 1.07447125e-01, 1.34735942e+00,
            9.56848919e-01, 9.98208150e-02, 1.57057226e+00,
            8.28299403e-01, 1.45610109e-01, 1.38341582e+00,
            9.39570069e-01, 1.22278698e-01, 1.52766633e+00,
            1.11135483e+00, -4.00810272e-01, 2.26817870e+00,
