{
    "points_3d": {
        "type_id": "opencv-matrix",
        "rows": 638,
        "cols": 1,
        "dt": "3f",
        "data": [ 9.81437385e-01, 7.37469196e-02, 1.41891763e-01,
            1.15644825e+00, 1.61537319e-01, 6.88736796e-01,
            5.26033282e-01, -1.79283366e-01, 2.15306520e+00,
            4.85441595e-01, -1.94962665e-01, 2.30857325e+00,
            5.31550765e-01, -1.74167678e-01, 2.30491161e+00,
            5.22996187e-01, -2.79209018e-01, 2.16338658e+00,
            4.84398812e-01, -2.23869517e-01, 2.30663919e+00,
            5.75352013e-01, -1.06348507e-01, 2.21031880e+00,
            4.47973102e-01, -1.11721478e-01, 2.20092106e+00,
            5.20354986e-01, 2.18570977e-02, 2.19260120e+00,
            4.78055120e-01, -2.54565835e-01, 2.19811702e+00,
            8.02355230e-01, -4.64485325e-02, 2.43658304e+00,
            8.00875425e-01, -4.71647307e-02, 2.46649098e+00,
            2.56168097e-01, 9.25181508e-02, 1.00292921e+00,
            5.52305460e-01, -4.39930409e-01, 2.03622556e+00,
            5.21728218e-01, -1.22875832e-02, 2.18040800e+00,
            1.15788400e+00, 1.48198768e-01, 6.98553443e-01,
            9.06902254e-01, 3.54238320e-03, 2.41761422e+00,
            9.81114626e-01, 6.91424459e-02, 1.30793333e-01,
            1.15741730e+00, 1.61445320e-01, 7.17180669e-01,
            5.78742266e-01, -2.64366120e-01, 2.29523945e+00,
            -4.35768515e-02, 2.04596907e-01, 2.50933123e+00,
            7.74461687e-01, -8.83972466e-01, 2.59800506e+00,
            1.01388144e+00, -3.19575340e-01, 3.02111101e+00,
            2.35544398e-01, 4.99312803e-02, 1.08841407e+00,
            4.73717123e-01, -4.01189506e-01, 1.77648783e+00,
            5.61859369e-01, -4.60971475e-01, 2.01649928e+00,
            5.16105950e-01, 1.57010779e-01, 2.25224519e+00,
            5.31991661e-01, -4.69295144e-01, 1.80159533e+00,
            1.70152262e-01, 1.05715983e-01, 1.17724502e+00,
            7.19584465e-01, -3.84903938e-01, 2.55748534e+00,
            9.87985909e-01, 1.30274326e-01, 3.87575984e-01,
            7.14643359e-01, -6.31356835e-01, 2.59467888e+00,
            5.26962042e-01, -3.70636553e-01, 2.12557149e+00,
            9.74815547e-01, 1.67083845e-01, 2.28527379e+00,
            3.55051905e-01, -2.54155993e-01, 1.97191763e+00,
            5.54316580e-01, 1.46992588e-02, 2.14887547e+00,
            2.53000975e-01, 8.67190957e-02, 1.00092435e+00,
            3.36940557e-01, -2.68807650e-01, 1.66657400e+00,
            4.54107106e-01, -2.67521739e-01, 2.18246365e+00,
            4.65851784e-01, -3.37632895e-01, 1.81711257e+00,
            -2.48238534e-01, 2.11009696e-01, 2.60243583e+00,
            6.48491859e-01, -5.94624341e-01, 2.26729345e+00,
            1.97718874e-01, -4.11120430e-02, 2.08138537e+00,
            -2.74462789e-01, 2.16689423e-01, 2.49232125e+00,
            1.00721967e+00, 6.79054558e-02, 2.48944306e+00,
            2.43056491e-01, -3.14240754e-02, 1.97499025e+00,
            5.64097539e-02, 3.22723806e-01, 2.55578971e+00,
            6.53452218e-01, 3.24458890e-02, 2.35555100e+00,
            8.07283044e-01, 2.13379547e-01, 2.19190955e+00,
            1.07315731e+00, -9.06920955e-02, 2.75198698e+00,
            5.28066039e-01, -2.97583640e-01, 2.13247871e+00,
            -1.61852203e-02, 1.95809305e-02, 2.04692459e+00,
            -1.99166089e-01, 2.00950146e-01, 2.65269017e+00,
            1.01759899e+00, 2.35534217e-02, -2.95683984e-02,
            -2.81322777e-01, 2.05410659e-01, 2.48307896e+00,
            1.03925228e+00, 3.67754027e-02, 2.51540351e+00,
            1.01669693e+00, 2.41884813e-02, -2.71193497e-02,
            6.53913915e-01, 2.62115061e-01, 2.15359092e+00,
            6.58287168e-01, -4.17312294e-01, 2.31223392e+00,
            6.80783570e-01, 1.76182762e-01, 2.19955373e+00,
            1.09898460e+00, -3.15036684e-01, 3.29275227e+00,
            6.47789478e-01, -1.99673966e-01, 2.39841795e+00,
            1.03346050e+00, 1.16133206e-01, 2.39864063e+00,
            -4.39565480e-02, 1.58580132e-02, 2.05092502e+00,
            9.49502289e-01, 1.87601268e-01, 2.24122477e+00,
            1.11821365e+00, -9.13684815e-02, 2.68705845e+00,
            1.16189651e-01, -5.66104315e-02, 1.82586741e+00,
            1.23081875e+00, 5.27090393e-03, 1.88201320e+00,
            1.16771913e+00, 1.92058563e-01, 1.04749882e+00,
            -5.31389117e-02, 4.70492356e-02, 2.05838156e+00,
            4.53980356e-01, -4.65543181e-01, 1.44322371e+00,
            8.56625140e-01, 1.78637683e-01, 2.24171925e+00,
            -2.69369841e-01, 2.73686647e-01, 2.80982995e+00,
            8.59971642e-01, 1.85372844e-01, 2.21568775e+00,
            6.79518938e-01, -6.00341558e-01, 2.31528687e+00,
            8.40264559e-01, -3.73029530e-01, 2.69561362e+00,
            1.11849952e+00, 1.87446833e-01, 2.27271557e+00,
            5.74360073e-01, 4.23789285e-02, 2.32002044e+00,
            -1.10027082e-01, 1.01165481e-01, 2.17095470e+00,
            3.40580940e-01, -4.78421822e-02, 2.21484375e+00,
            1.30882001e+00, -7.69579113e-02, 1.80308449e+00,
            7.80019701e-01, 1.89470753e-01, 2.20971704e+00,
            9.97028470e-01, 1.88794151e-01, 2.20124650e+00,
            5.92541754e-01, 4.10939306e-02, 2.22447443e+00,
            9.81697083e-01, 1.20293476e-01, 3.42585444e-01,
            6.50605142e-01, -2.49266237e-01, 2.38638759e+00,
            5.02347589e-01, -5.10410428e-01, 1.67622554e+00,
            1.20408230e-01, -2.63392720e-02, 2.01913857e+00,
            1.01866722e+00, 1.59178913e-01, 2.45157790e+00,
            6.09104633e-01, -1.67774379e-01, 2.38026595e+00,
            2.56123990e-01, -7.31222928e-02, 1.96202683e+00,
            1.19332278e+00, -1.55329633e+00, 4.61151743e+00,
            2.42517635e-01, -8.85240063e-02, 1.98636925e+00,
            6.93100179e-03, 1.75431967e-01, 2.48189425e+00,
            -2.02784911e-01, 1.39336482e-01, 2.26166177e+00,
            4.77205604e-01, -4.41906869e-01, 1.66156352e+00,
            -5.14249086e-01, 2.87229061e-01, 2.69599366e+00,
            4.39641237e-01, -2.00476140e-01, 7.74478555e-01,
            6.85172021e-01, 1.83756515e-01, 2.18259668e+00,
            8.82474303e-01, 1.55860782e-01, 2.28104019e+00,
            6.78408027e-01, 2.40481257e-01, 2.20873809e+00,
            8.59844267e-01, 1.87625304e-01, 2.21417546e+00,
            1.07987773e+00, -5.70164204e-01, 3.32699537e+00,
            4.24965620e-01, -3.65071863e-01, 1.23362958e+00,
            1.46249485e+00, -1.85119653e+00, 5.85527706e+00,
            3.79938602e-01, -7.91106448e-02, 2.17176533e+00,
            8.27260017e-01, -4.29652423e-01, 2.81371498e+00,
            3.56672943e-01, -1.15191601e-01, 9.02652800e-01,
            9.83667910e-01, 9.59690511e-02, 4.18421656e-01,
            2.25954592e-01, -7.77518228e-02, 2.03811407e+00,
            1.34563184e+00, -1.70280069e-01, 2.37350011e+00,
            1.16992056e+00, 1.80689186e-01, 1.05873609e+00,
            8.44226360e-01, -3.38014632e-01, 2.64723134e+00,
            2.89963573e-01, 4.23472188e-02, 9.60278869e-01,
            3.45495880e-01, -2.21312776e-01, 1.77853727e+00,
            4.80068803e-01, 1.72421724e-01, 2.26245499e+00,
            -1.32598686e+00, 8.56101394e-01, 4.23785782e+00,
            9.27058995e-01, 1.51470810e-01, 2.27590466e+00,
            6.62942231e-01, 5.73193692e-02, 2.29167533e+00,
            1.04539704e+00, 1.90170098e-03, -9.58494619e-02,
            3.73506129e-01, -1.77329674e-01, 9.25804734e-01,
            2.97939539e-01, 4.60371636e-02, 9.35849905e-01,
            9.46504623e-02, 2.16879204e-01, 2.50261950e+00,
            1.03146899e+00, 1.31347673e-02, -6.14121780e-02,
            1.88372388e-01, -5.36783077e-02, 1.32127404e+00,
            6.96696162e-01, -7.57450700e-01, 2.31522393e+00,
            1.06903803e+00, -4.42328393e-01, 3.08082771e+00,
            3.07261676e-01, -1.04293399e-01, 1.03208995e+00,
