{
    "points_3d": {
        "type_id": "opencv-matrix",
        "rows": 208,
        "cols": 1,
        "dt": "3f",
        "data": [ -1.26972256e+01, 1.28757632e+00, 1.98857784e+01,
            6.57955885e-01, -2.92634070e-01, -1.35689652e+00,
            1.00269580e+00, 5.11528552e-03, 1.13317296e-02,
            1.79888248e+00, 6.88565314e-01, 3.15490198e+00,
            3.81478280e-01, -5.55647671e-01, -2.56004453e+00,
            1.01001585e+00, 3.26726050e-03, -4.46224995e-02,
            1.04722667e+00, 1.78257618e-02, -1.99767977e-01,
            1.03893375e+00, 1.51737072e-02, -1.64116189e-01,
            1.06990230e+00, 3.87092009e-02, -2.94770092e-01,
            1.03968596e+00, 9.28052422e-03, -1.52846590e-01,
            1.05873775e+00, 2.17162091e-02, -2.30855554e-01,
            1.02045763e+00, 6.23645745e-02, -1.82088003e-01,
            1.02165866e+00, 4.71724197e-04, -9.14350376e-02,
            1.01730263e+00, 1.19740760e-03, -7.35844970e-02,
            1.05202615e+00, 2.48083565e-02, -2.04787806e-01,
            1.04405832e+00, 2.16669161e-02, -1.97907597e-01,
            9.99422789e-01, 1.94197590e-03, 5.49679110e-03,
            9.98570383e-01, -2.41618864e-02, 2.46144101e-01,
            1.02494967e+00, 8.53414647e-03, -1.05538212e-01,
            1.11695409e+00, 1.05547503e-01, -4.91265684e-01,
            1.05251384e+00, 6.97527081e-02, -2.70697474e-01,
            1.03473353e+00, 2.12721694e-02, -1.74356803e-01,
            1.00340819e+00, 2.15121103e-03, -1.64735559e-02,
            1.35285985e+00, 2.57520437e-01, -1.00756419e+00,
            9.49026287e-01, 1.17032686e-02, 1.12959102e-01,
            1.13962328e+00, -4.73573387e-01, 2.13606739e+00,
            1.17003679e+00, 1.55521333e-01, -6.02851093e-01,
            9.81132388e-01, 2.47034393e-02, 6.77717626e-02,
            8.96053135e-01, 5.08714952e-02, 1.95569396e-01,
            1.00072086e+00, 3.37518123e-03, 7.15994164e-02,
            9.96598780e-01, 1.16815120e-02, 3.04489080e-02,
            1.01208174e+00, 3.81525457e-02, -1.65221557e-01,
            1.05557907e+00, 2.66747158e-02, -2.08627805e-01,
            1.17082036e+00, -1.59413263e-01, 2.11206555e+00,
            1.12204015e+00, 8.84551704e-02, -5.10535359e-01,
            1.18521571e+00, 1.08061947e-01, -5.88843465e-01,
            1.13688850e+00, 7.06841946e-02, -4.66387391e-01,
            1.04490364e+00, 7.76450383e-03, -8.73852223e-02,
            8.07245922e+00, 4.83207434e-01, -1.14529867e+01,
            6.21079826e+00, -6.09344877e-02, -1.18051052e+01,
            1.06620026e+00, 3.93977277e-02, -2.77280957e-01,
            1.16660690e+00, 8.57644305e-02, -5.65920234e-01,
            1.00174487e+00, 6.59335125e-03, 9.01914313e-02,
            -1.25042734e+01, 1.35760355e+00, 2.02776356e+01,
            1.03340137e+00, 3.64343927e-04, -1.09128073e-01,
            9.96526241e-01, 7.26904161e-03, 2.83052437e-02,
            9.97165322e-01, 2.40679039e-03, 1.49079608e-02,
            1.05364144e+00, -6.77436171e-03, -1.18101992e-01,
            9.14953411e-01, 2.94802971e-02, 2.11563796e-01,
            1.09338312e+01, 9.36339796e-01, -1.95705070e+01,
            1.01171303e+00, 7.64180673e-03, -7.26515502e-02,
            1.04304171e+00, 6.35512099e-02, -2.40844250e-01,
            2.51145887e+00, 5.61462462e-01, -2.21069455e+00,
            9.99333918e-01, 2.99000123e-04, 9.12243314e-03,
            -1.88639717e+01, 1.85645819e+00, 2.79140301e+01,
            9.99449968e-01, 2.19052541e-03, 2.12401559e-04,
            9.95415390e-01, 1.37541881e-02, 3.64489667e-02,
            9.94135201e-01, 3.02027655e-03, 4.62597869e-02,
            1.48709154e+00, 2.08454072e-01, 3.51033115e+00,
            9.84382451e-01, 1.23835849e-02, 7.76753426e-02,
            9.96986151e-01, 1.10165505e-02, 3.00274268e-02,
            9.93492007e-01, 8.09003972e-03, 5.63800782e-02,
            1.00022948e+00, 2.09240871e-03, -3.53097310e-03,
            8.36143303e+00, 2.46226087e-01, -1.22587271e+01,
            1.54740644e+00, -4.97329282e-03, 3.98230267e+00,
            2.54689693e+00, 5.74603677e-01, -2.26463556e+00,
            1.24151814e+00, 1.89186975e-01, -7.20048845e-01,
            4.26429033e+00, 1.90329745e-01, -6.73008633e+00,
            1.00103474e+00, 2.03369698e-03, -7.46617513e-03,
            1.00048053e+00, 3.28927464e-03, 1.27537493e-02,
            1.03097343e+00, 5.02121225e-02, -1.91274539e-01,
            1.59061134e+00, 3.16805989e-01, -1.49783230e+00,
            2.66793938e+01, 7.90019155e-01, -4.27044830e+01,
            9.93861377e-01, 6.64322218e-03, 4.77963090e-02,
            1.06796622e+00, 6.14307122e-03, -2.18519762e-01,
            9.84223127e-01, 4.89201630e-03, 3.40325721e-02,
            1.01250088e+00, 9.56665352e-03, -7.71573111e-02,
            -1.87454045e+00, 4.81781334e-01, 5.28708601e+00,
            1.00038135e+00, 5.76741574e-03, 6.51549399e-02,
            9.94899750e-01, 1.48436287e-02, 4.01364490e-02,
            9.90572512e-01, -1.57827139e-02, 1.37314424e-01,
            1.00367749e+00, 3.49798007e-03, -4.29424569e-02,
            9.94633377e-01, 1.38727203e-02, 3.77673507e-02,
            9.95342791e-01, 1.06036496e-04, 5.27575687e-02,
            9.97599661e-01, 4.70413454e-03, 3.28059830e-02,
            9.96223211e-01, 2.15456029e-03, 4.09696549e-02,
            9.97090101e-01, 5.33065712e-03, 3.35130133e-02,
            9.50425923e-01, 1.27140759e-02, 1.02302775e-01,
            -9.30841255e+00, 1.21051574e+00, 1.55260429e+01,
            1.67044628e+00, 6.08551726e-02, -1.72562099e+00,
            6.55088902e+00, 4.97680277e-01, -9.42775917e+00,
            9.99583423e-01, 5.46660135e-03, 3.40129361e-02,
            2.77963638e+00, 5.31990528e-01, -2.75864601e+00,
            3.27737503e+01, -2.97793674e+00, -6.17770805e+01,
            1.21481228e+00, -8.02640378e-01, 2.53772068e+00,
            9.96469498e-01, 5.71151590e-03, 4.00694571e-02,
            3.35169554e+00, 4.60570753e-01, -3.45708179e+00,
            1.21115220e+00, -7.94599712e-01, 2.51747894e+00,
            1.00407350e+00, 4.44981875e-03, -3.45092230e-02,
            -8.59569740e+00, 1.18942928e+00, 1.40662584e+01,
            1.00161839e+00, 4.74621495e-03, -2.16558073e-02,
            9.78210807e-01, 1.64732169e-02, 1.03419915e-01,
            9.89178061e-01, 7.65787810e-03, 6.09388538e-02,
            1.96033001e+00, -2.56246597e-01, 4.97371244e+00,
            -2.03487720e+01, 1.00377905e+00, 3.56435547e+01,
            1.01179969e+00, 6.35602605e-03, -6.65789247e-02,
            9.97892022e-01, 5.63033670e-03, 1.97413750e-02,
            1.75280440e+00, 6.97059780e-02, -1.93451500e+00,
            9.96878028e-01, 6.86126016e-03, 2.77329329e-02,
            9.17480087e+00, 2.70558476e-01, -1.36143188e+01,
            -1.56574249e+01, 7.99559414e-01, 2.77743149e+01,
            1.03851354e+00, 5.84608465e-02, -2.23459244e-01,
            9.96775448e-01, 1.15031954e-02, 3.10130809e-02,
            9.88638341e-01, 7.44075049e-03, 5.73770292e-02,
            2.55870700e+00, 4.74943250e-01, 9.26793766e+00,
            9.89350796e-01, 3.86464293e-03, 2.04378460e-02,
            -1.06076449e-01, -9.79600668e-01, -6.04726791e+00,
            9.97910798e-01, -3.26959952e-03, 2.91169751e-02,
            1.00420034e+00, 3.00618028e-03, -2.75016166e-02,
            1.51163459e+00, 2.14829490e-01, -1.25803900e+00,
            1.52983630e+00, 3.49917918e-01, -1.45030689e+00,
            1.03620601e+00, -2.13109419e-01, 1.49573052e+00,
            9.87588882e-01, 1.02339452e-02, 6.96668103e-02,
            1.22288728e+00, 2.65656114e-01, -7.41899490e-01,
            9.85867918e-01, 8.09582882e-03, 6.46007434e-02,
            1.78604198e+00, 2.17550009e-01, 5.76746464e+00,
            9.83865380e-01, 7.05931243e-03, 5.97682782e-02,
            1.40724194e+00, -3.45501184e-01, 2.91955781e+00,
            -6.97471142e+00, 9.92127657e-01, 1.16980076e+01,
