{
    "points_3d": {
        "type_id": "opencv-matrix",
        "rows": 620,
        "cols": 1,
        "dt": "3f",
        "data": [ 8.54178131e-01, 2.55170371e-02, 2.13899419e-01,
            8.88151526e-01, -8.84157121e-02, -4.63756680e-01,
            1.03848970e+00, 1.72444023e-02, -1.56442940e-01,
            1.03726733e+00, 2.50907484e-02, -1.51318803e-01,
            1.03797710e+00, 2.54470780e-02, -1.53184235e-01,
            1.03672183e+00, 3.18779461e-02, -1.49247527e-01,
            1.04557490e+00, 2.09575631e-02, -1.67930588e-01,
            1.04028213e+00, 2.61323266e-02, -1.52287573e-01,
            1.03977251e+00, 3.00391801e-02, -1.50273889e-01,
            1.03455412e+00, 2.80199461e-02, -1.48896694e-01,
            1.00970662e+00, 1.43043967e-02, -1.02585353e-01,
            1.00010872e+00, 1.60545930e-02, -3.17702033e-02,
            1.03412187e+00, 2.15086173e-02, -1.36690721e-01,
            1.03241181e+00, 4.12510484e-02, -1.31422892e-01,
            1.01769125e+00, 3.54843140e-02, -8.71166289e-02,
            1.02753997e+00, 2.78773829e-02, -1.32205695e-01,
            1.03165579e+00, 1.31123904e-02, -1.24401323e-01,
            1.05850196e+00, 5.49137555e-02, -1.62330016e-01,
            1.13921893e+00, -1.29611911e-02, -3.13170105e-01,
            1.00231194e+00, 3.36367264e-03, 4.29956466e-02,
            1.03709662e+00, 4.60533239e-02, -1.27034992e-01,
            9.99624968e-01, 1.15416832e-02, -4.95089814e-02,
            1.00184464e+00, 7.10269995e-03, -1.56900696e-02,
            9.97639298e-01, 1.45063382e-02, -2.48500574e-02,
            1.03717899e+00, 3.89007591e-02, -1.50480047e-01,
            1.05233896e+00, 4.25691195e-02, -1.61386028e-01,
            1.05244231e+00, 3.89160104e-02, -1.73219457e-01,
            9.86719251e-01, 1.13898227e-02, 2.45947782e-02,
            1.28528368e+00, 1.02036968e-02, -6.38768077e-01,
            1.03530478e+00, 3.25376354e-02, -1.42351225e-01,
            1.05408156e+00, 3.97956036e-02, -1.78357422e-01,
            9.99105155e-01, 9.89157334e-03, -5.00461347e-02,
            8.64359379e-01, 2.54609101e-02, 2.05886275e-01,
            1.07194734e+00, 9.03224200e-03, -2.23585516e-01,
            1.00234795e+00, 8.95796902e-03, -1.80897377e-02,
            1.01973307e+00, 1.06814140e-02, -1.14954025e-01,
            1.18678415e+00, -1.78546440e-02, -3.93367529e-01,
            1.07567370e+00, -1.14703448e-02, -1.87164322e-01,
            1.01875436e+00, 2.16553900e-02, -1.09164923e-01,
            1.01515496e+00, 3.43637653e-02, -8.08509886e-02,
            9.73135233e-01, 2.41514109e-03, 4.22489122e-02,
            1.00494826e+00, 2.18397006e-02, -6.54123425e-02,
            8.52063894e-01, 2.56524663e-02, 2.10114047e-01,
            1.02588916e+00, 1.00170663e-02, -1.21925689e-01,
            1.00206196e+00, 6.90032681e-03, -1.57232992e-02,
            1.01493990e+00, 1.03694592e-02, -1.17992796e-01,
            9.75607336e-01, 2.23865290e-03, -1.75090373e-01,
            1.01689243e+00, 1.62934116e-03, -8.32323208e-02,
            1.00161719e+00, 7.50101404e-03, -1.53274033e-02,
            1.00783408e+00, 5.58975013e-03, -6.62140101e-02,
            1.01909924e+00, 1.45837413e-02, -1.11348704e-01,
            1.00224459e+00, 7.80310715e-03, -5.04623726e-02,
            9.82660890e-01, 1.28118983e-02, -1.24399245e-01,
            1.28995168e+00, 3.01857460e-02, -5.90531647e-01,
            1.02560306e+00, 1.01065906e-02, -1.20686889e-01,
            9.99575675e-01, 9.42459144e-03, -3.89555208e-02,
            1.01262867e+00, 3.24069485e-02, -7.41471201e-02,
            1.08401263e+00, 5.73818646e-02, -2.08020806e-01,
            9.71298158e-01, 1.13483993e-02, 5.06576858e-02,
            1.00939572e+00, 5.89076569e-03, -7.20508322e-02,
            1.07118011e+00, 1.70213543e-02, -2.20901877e-01,
            1.11882293e+00, -7.55875045e-03, -2.77558088e-01,
            1.01786685e+00, 2.34779287e-02, -1.03605941e-01,
            1.40534520e+00, -5.35398535e-02, -7.38817751e-01,
            9.99858677e-01, 9.77183133e-03, -4.68590818e-02,
            1.00558710e+00, 2.27999501e-02, -7.82726929e-02,
            1.00914288e+00, 1.63074899e-02, -1.01213917e-01,
            1.00257909e+00, 6.56553917e-03, -1.73461661e-02,
            1.00838959e+00, 1.58951320e-02, -9.27452669e-02,
            1.00450242e+00, 8.13842192e-03, -5.78731708e-02,
            1.00957906e+00, 1.24218948e-02, -1.02081098e-01,
            1.00573385e+00, 6.74857292e-03, -6.32780865e-02,
            1.17732835e+00, -2.44490299e-02, -3.73489201e-01,
            8.57229412e-01, 2.85456982e-02, 2.17200786e-01,
            1.14512300e+00, 2.57485788e-02, -3.67120177e-01,
            1.02575886e+00, 1.47162341e-02, -4.02629450e-02,
            1.00085521e+00, 8.21189489e-03, -4.44015488e-02,
            9.94819343e-01, 1.08368332e-02, 1.12115266e-02,
            1.43129015e+00, -2.62518805e-02, -8.30395699e-01,
            1.00619948e+00, -1.25284214e-02, 8.10296535e-02,
            1.00557590e+00, 7.22334767e-03, -6.07703216e-02,
            9.65952158e-01, 5.65036200e-03, 5.29707372e-02,
            1.00774550e+00, -1.87553242e-02, 1.00736067e-01,
            1.01413798e+00, 2.12842785e-02, -1.09741174e-01,
            8.47543299e-01, 3.06494068e-02, 2.25654110e-01,
            1.00544095e+00, 2.33833976e-02, -6.92113638e-02,
            1.01842201e+00, 5.48048993e-04, -8.62179101e-02,
            1.01513636e+00, 4.98474762e-03, -8.48179832e-02,
            9.97341931e-01, 1.30172735e-02, -1.00692790e-02,
            9.47658718e-01, 1.45792840e-02, 9.01059657e-02,
            1.02237892e+00, 2.08443068e-02, -1.18005738e-01,
            1.00205994e+00, 9.28787049e-03, -1.75021850e-02,
            1.14959526e+00, 2.64806878e-02, -3.77995908e-01,
            1.00193667e+00, 9.43498779e-03, -1.62905455e-02,
            1.01307034e+00, 1.28001627e-02, -1.84212122e-02,
            9.40831244e-01, 1.49308285e-02, 1.01314306e-01,
            1.01419818e+00, 3.35241780e-02, -7.84739777e-02,
            1.00161052e+00, 7.51398550e-03, -1.48203764e-02,
            1.01891208e+00, 3.92864319e-03, -9.58175734e-02,
            9.46673095e-01, -3.36707011e-03, -3.18201810e-01,
            1.14320230e+00, -9.83832777e-03, -3.17134231e-01,
            9.10592914e-01, -6.69212267e-02, -4.91690904e-01,
            1.00421834e+00, 2.21161060e-02, -5.65163717e-02,
            1.01960266e+00, 1.71204098e-02, -1.14388108e-01,
            1.09692514e+00, 5.29842265e-02, -2.33002007e-01,
            9.98935819e-01, 1.82834659e-02, -3.78283933e-02,
            1.01578164e+00, 2.46545090e-03, -8.79016593e-02,
            1.03029430e+00, 4.84065264e-02, -9.68905762e-02,
            1.02222967e+00, 3.36597394e-03, -1.01957977e-01,
            9.71357882e-01, 4.81807347e-03, -2.10107565e-01,
            1.03272462e+00, 2.78232410e-03, -1.23129047e-01,
            1.02072001e+00, -6.19361829e-03, 1.55917794e-01,
            8.40100467e-01, 3.16088721e-02, 2.36678302e-01,
            1.01390338e+00, 6.28141314e-03, -8.45519528e-02,
            1.00653183e+00, 7.78127555e-03, -6.41233549e-02,
            1.00220025e+00, 8.88437498e-03, -1.75636895e-02,
            1.06600082e+00, -4.13312204e-02, 3.92762452e-01,
            1.00011313e+00, 2.13300660e-02, -3.19916122e-02,
            1.07021308e+00, 4.45145406e-02, -2.08800003e-01,
            1.02319300e+00, 5.91303524e-06, -9.71366540e-02,
            1.21089590e+00, -2.65205465e-02, -4.32034016e-01,
            1.08551121e+00, -6.76465081e-03, -2.17601418e-01,
            8.75921369e-01, -6.78463727e-02, -5.85716844e-01,
            1.01794410e+00, 3.99025390e-03, -9.23512578e-02,
            9.77964640e-01, 6.05635624e-03, -1.87993973e-01,
            8.21930826e-01, 3.71633433e-02, 2.58555800e-01,
            1.00594091e+00, 2.62161586e-02, -6.48718402e-02,
            1.00898993e+00, 3.39258127e-02, -7.16742203e-02,
            1.01977372e+00, 9.29613248e-04, -8.91222358e-02,
