{
    "points_3d": {
        "type_id": "opencv-matrix",
        "rows": 222,
        "cols": 1,
        "dt": "3f",
        "data": [ 7.03798771e-01, 3.47275138e-02, 4.39641029e-01,
            1.13192856e+00, 1.36149094e-01, 5.01755357e-01,
            1.10417795e+00, -7.43706599e-02, -3.04337770e-01,
            -1.62908268e+00, -2.48942876e+00, -1.08563976e+01,
            1.10889256e+00, 1.26163453e-01, 4.54217583e-01,
            -6.12745881e-02, -6.71166107e-02, 3.95005631e+00,
            1.29031821e-03, -2.65335560e-01, 3.70250463e+00,
            5.64095797e-03, -2.69973665e-01, 3.67198896e+00,
            1.11032903e+00, 1.37924463e-01, 4.82628137e-01,
            -1.41707703e-01, -1.92064360e-01, 4.76503468e+00,
            1.13568522e-01, -3.27833444e-01, 3.16178584e+00,
            1.08670270e+00, 9.66305658e-02, 3.09218705e-01,
            1.00387585e+00, 1.97355170e-02, -4.78241919e-03,
            1.58395573e-01, -3.61874104e-01, 3.12947774e+00,
            -1.39521465e-01, -2.88033795e+00, 8.96930408e+00,
            1.00439286e+00, 5.81823103e-03, -9.26572010e-02,
            -6.49878800e-01, -1.91887617e-01, 5.76871395e+00,
            4.93804291e-02, 9.09860805e-02, 3.38304329e+00,
            1.02000833e+00, -2.49242224e-02, -3.05422157e-01,
            3.06824386e-01, -6.83576092e-02, 5.68215561e+00,
            -3.71635817e-02, -3.76061678e-01, 3.60014153e+00,
            -4.73640293e-01, -3.05180699e-01, 5.35196209e+00,
            -2.86824226e-01, -4.93470058e-02, 5.37436819e+00,
            2.09466264e-01, -7.97183216e-02, 6.51533031e+00,
            2.70512521e-01, -3.12340617e-01, 2.89464736e+00,
            2.83883698e+02, -1.40165918e+03, 6.18139062e+03,
            4.56003010e-01, -1.77977037e+00, 5.67561436e+00,
            3.19800526e-01, -6.78697169e-01, 3.36427069e+00,
            1.62746757e-01, -3.03643763e-01, 3.29597735e+00,
            9.23984408e-01, -7.07772672e-02, 2.28055930e+00,
            3.29881459e-01, -5.25384784e-01, 2.49308205e+00,
            3.86922449e-01, -4.63453919e-01, 1.95029128e+00,
            2.26740330e-01, -3.45067233e-01, 3.33135271e+00,
            3.77055079e-01, -4.17841822e-01, 3.71200538e+00,
            -2.58234411e-01, 3.56552929e-01, 2.76800728e+00,
            1.15160573e+00, -5.99121936e-02, -9.96055841e-01,
            -1.74602234e+00, 9.85810384e-02, 1.02047348e+01,
            9.99786556e-01, 1.44299120e-02, -3.57627235e-02,
            -1.11635637e+00, -4.97948259e-01, 7.45434380e+00,
            4.71568406e-01, -1.47640586e-01, 1.22254527e+00,
            3.15628588e-01, -4.01890665e-01, 2.55177999e+00,
            3.37488145e-01, -1.41224515e+00, 6.41140556e+00,
            5.92988670e-01, -7.93562233e-01, 3.71586800e+00,
            1.00870371e+00, 5.58885047e-03, -1.50554687e-01,
            1.28858638e+00, 2.26236150e-01, 2.93119454e+00,
            5.72355807e-01, -1.95659492e-02, 8.33558440e-01,
            2.86811292e-01, -2.95923591e-01, 2.21635079e+00,
            5.14234602e-01, 8.28915462e-02, 8.54146183e-01,
            9.06168222e-01, -1.66072473e-01, 3.70707989e+00,
            2.76749253e-01, 1.30968288e-01, 1.48333192e+00,
            2.68877774e-01, -5.54626763e-01, 5.97516584e+00,
            1.03946126e+00, -3.33171636e-02, -1.97688207e-01,
            3.69144773e+00, 1.69739217e-01, 1.39822321e+01,
            7.37586617e-01, 8.79585594e-02, 3.36109817e-01,
            1.28274953e+00, 2.06832469e-01, 3.48032284e+00,
            1.41369557e+00, -8.05696368e-01, 1.03714819e+01,
            7.41526484e-01, 8.70451108e-02, 3.35903287e-01,
            3.68086547e-01, -5.88947356e-01, 4.17427826e+00,
            4.23084199e-01, -2.88308650e-01, 1.41796970e+00,
            -2.63535410e-01, -2.96052098e-01, 4.43466473e+00,
            9.53446269e-01, 7.67358840e-02, 1.67050159e+00,
            2.71523088e-01, -3.44294786e-01, 2.10303855e+00,
            5.21671176e-01, -2.93179601e-01, 1.11261189e+00,
            -1.15701079e+00, 6.43638909e-01, 5.09807301e+00,
            6.92376673e-01, -1.95760485e-02, 3.98390085e-01,
            1.12439489e+00, 2.36769870e-01, 1.18095005e+00,
            -1.56574047e+00, 2.45280236e-01, 1.29086866e+01,
            3.51579398e-01, -9.51000452e-01, 3.36511135e+00,
            1.03447092e+00, -2.45631970e-02, -1.94595441e-01,
            1.01026785e+00, -1.39003703e-02, -1.73620597e-01,
            6.44322276e-01, -1.07553661e-01, 5.34894586e-01,
            6.75995827e-01, 1.61538739e-02, 5.38141727e-01,
            5.96951008e-01, -9.14405584e-01, 2.83504486e+00,
            -1.87363345e-02, 7.21718967e-02, 2.99785972e+00,
            7.42872834e-01, 9.26711783e-02, 3.39448690e-01,
            6.44644558e-01, -1.06522746e-01, 5.34280717e-01,
            4.39647287e-01, 1.04816742e-01, 1.04353690e+00,
            7.46451914e-01, 7.79536292e-02, 3.19692761e-01,
            -2.12623596e+00, 3.03979158e-01, 1.30605965e+01,
            1.03034151e+00, -2.30115820e-02, -1.71592429e-01,
            4.36972737e-01, -1.53994226e+00, 6.32153273e+00,
            1.37960196e+00, -1.82625130e-01, -1.61525822e+00,
            6.86335802e-01, -2.68715732e-02, 4.04375404e-01,
            -1.87578350e-02, -4.87720251e-01, 5.08255863e+00,
            3.91685545e-01, -8.60930324e-01, 3.04280043e+00,
            1.03754556e+00, -3.12594213e-02, -2.01080129e-01,
            4.38139468e-01, -7.56784141e-01, 5.18994093e+00,
            -1.33008933e+00, 2.84376517e-02, 9.38796043e+00,
            6.60490155e-01, -1.20186605e-01, 4.47429925e-01,
            1.00250268e+00, 1.06516993e-02, -7.60985464e-02,
            1.12665272e+00, -6.55655563e-02, -8.34871888e-01,
            6.65797770e-01, -6.75669685e-02, 4.39445704e-01,
            2.20952487e+00, -7.91914389e-02, 8.37065983e+00,
            7.04119742e-01, 4.41153795e-02, 4.24555093e-01,
            3.52618784e-01, -1.98265642e-01, 1.78614986e+00,
            9.94379222e-01, 2.50378344e-02, 1.06900185e-01,
            -1.35980320e+00, 3.27366495e+00, -2.09187202e+01,
            1.01866531e+00, -7.97608867e-03, -1.61805421e-01,
            1.04438508e+00, -3.82181332e-02, -2.10415244e-01,
            4.95819569e-01, -7.02574909e-01, 2.20156932e+00,
            7.10137010e-01, 3.46339457e-02, 4.44698542e-01,
            1.63461968e-01, -5.51064134e-01, 3.96800542e+00,
            5.33546269e-01, -5.54520776e-03, 9.44324136e-01,
            5.06473005e-01, 2.94972286e-02, 9.64550436e-01,
            1.46958411e-01, -6.71445429e-01, 4.80408669e+00,
            1.05047691e+00, -4.07595076e-02, -2.23448128e-01,
            1.00289035e+00, 2.96271592e-03, -9.32903960e-02,
            1.69704661e-01, -6.55091047e-01, 4.68537569e+00,
            1.63432628e-01, -5.52018881e-01, 3.97333050e+00,
            7.35138118e-01, 8.06240216e-02, 3.35746080e-01,
            4.37176317e-01, -9.85744894e-01, 3.25452566e+00,
            7.62154698e-01, 7.44881928e-02, 2.97798365e-01,
            9.97982740e-01, 3.27392332e-02, 1.72892168e-01,
            6.38400674e-01, -8.39583278e-02, 5.71818709e-01,
            1.04521120e+00, -1.25515927e-02, -4.10767704e-01,
            1.18387318e+00, -8.17507803e-02, -1.12307203e+00,
            1.17472875e+00, 2.10966408e-01, 1.02532053e+00,
            9.96679902e-01, 2.44720932e-02, 5.90460785e-02,
            1.43130854e-01, -1.29853642e+00, 8.13981628e+00,
            4.64236110e-01, -8.33555236e-02, 1.07412791e+00,
            7.19967008e-01, 4.95156199e-02, 4.29031044e-01,
            4.60681140e-01, 1.01475060e-01, 1.00272298e+00,
            1.06827223e+00, -3.08115873e-02, -5.51917970e-01,
            1.90531462e-01, 3.48056443e-02, 6.72570896e+00,
            1.03214920e+00, -1.39426738e-02, -1.91401556e-01,
            1.09577167e+00, 2.65245557e-01, 1.45090926e+00,
            3.46086860e-01, 3.20619798e+00, -9.86055279e+00,
            1.16249502e+00, 1.99972957e-01, 9.65451002e-01,
            4.60692525e-01, -1.06692404e-01, 1.06324732e+00,
