{
    "points_3d": {
        "type_id": "opencv-matrix",
        "rows": 610,
        "cols": 1,
        "dt": "3f",
        "data": [ 8.48894775e-01, 2.45884825e-02, 2.19999552e-01,
            1.04505932e+00, -2.59760786e-02, -1.48427352e-01,
            8.78275275e-01, -1.01716377e-01, -5.20291209e-01,
            7.24034190e-01, -7.39591196e-03, 1.05865479e+00,
            6.95305228e-01, -7.42332265e-02, 1.16649210e+00,
            7.03741372e-01, -7.35801086e-02, 1.12895739e+00,
            9.61565077e-01, 7.89068826e-03, 1.31054118e-01,
            8.73854995e-01, -1.16791286e-01, -5.61127663e-01,
            7.35962451e-01, -3.52736637e-02, 1.14164126e+00,
            7.17500329e-01, -9.88297537e-02, 1.03767419e+00,
            8.62547576e-01, -1.06687948e-01, -5.15069127e-01,
            7.28202164e-01, -1.12009674e-01, 1.04257989e+00,
            6.58965588e-01, -2.98557673e-02, 3.06834483e+00,
            5.15292287e-01, -9.44496393e-02, 1.82511592e+00,
            6.74721420e-01, -2.04522698e-03, 1.41196549e+00,
            -4.16976400e-02, -1.20458178e-01, 9.47285366e+00,
            7.71106005e-01, -9.25723240e-02, 9.37853098e-01,
            9.19283211e-01, 3.36332589e-01, -1.44062591e+00,
            7.62475729e-01, -8.67036700e-01, 2.78227615e+00,
            8.55251491e-01, -1.40972257e-01, 7.40788162e-01,
            7.61243284e-01, -8.01250413e-02, 9.70025003e-01,
            1.00212681e+00, 1.90783944e-02, -1.43965736e-01,
            7.56876886e-01, -1.89501449e-01, 9.32273924e-01,
            7.78213084e-01, -1.64537206e-01, 7.20190167e-01,
            7.51609683e-01, -1.06528901e-01, 1.11180544e+00,
            7.77060449e-01, -1.50817782e-01, 1.41040480e+00,
            7.30827868e-01, 8.96167457e-02, 5.93671322e-01,
            1.07183278e+00, -2.43050791e-02, -5.19520700e-01,
            -1.47419095e-01, 5.28968498e-02, 4.44799376e+00,
            1.00537312e+00, 3.17449193e-03, -1.59254968e-01,
            8.26673090e-01, -4.01636958e-02, 3.99686188e-01,
            7.78102756e-01, -1.26116395e-01, 8.50987136e-01,
            3.37013125e-01, -1.58007073e+00, 7.18173599e+00,
            1.01122224e+00, 8.65087059e-05, -2.05711871e-01,
            9.47775900e-01, -1.94274541e-02, -4.94845897e-01,
            8.34458351e-01, 8.04586743e-04, 3.19276989e-01,
            7.79819846e-01, -8.46290216e-02, 6.96514547e-01,
            7.92848408e-01, 4.40341756e-02, 3.62291843e-01,
            1.00138807e+00, 2.11110190e-02, -1.57402650e-01,
            7.68520474e-01, 5.25980890e-02, 4.74501967e-01,
            1.01874840e+00, -1.02266259e-02, -1.10106282e-01,
            8.87010098e-01, 8.36651679e-03, -5.73405921e-01,
            9.60153997e-01, -8.95808544e-03, -4.48482811e-01,
            9.59946871e-01, 7.59685189e-02, -8.00358593e-01,
            7.52802491e-01, -2.39627212e-01, 1.75025880e+00,
            5.89768648e-01, -8.99483338e-02, 1.48816288e+00,
            1.00165796e+00, 9.50663816e-03, -1.57385275e-01,
            7.46552348e-01, -1.14309907e-01, 7.44940937e-01,
            6.91470027e-01, 1.07156664e-01, 7.34298050e-01,
            8.48376572e-01, -2.94520776e-03, 1.90787762e-01,
            9.28622365e-01, -9.86355245e-02, -6.34755135e-01,
            -8.06934059e-01, 1.89980596e-01, 9.64321518e+00,
            7.35133111e-01, -4.02976006e-01, 1.44701350e+00,
            1.01742435e+00, -7.18028750e-03, -1.14428386e-01,
            1.00992179e+00, -1.78471711e-02, -1.87924340e-01,
            8.49190950e-01, 1.49342874e-02, 2.46214569e-01,
            7.69157410e-01, 2.81239618e-02, 6.88559890e-01,
            8.44110191e-01, -3.98050994e-02, 2.28821114e-01,
            7.82558262e-01, 5.01368418e-02, 4.03555155e-01,
            1.61630645e-01, 9.73002166e-02, 3.66617060e+00,
            1.11746216e+00, 3.85634392e-01, -1.53720403e+00,
            1.17864275e+00, -8.38274509e-02, -8.10257971e-01,
            8.46957684e-01, -6.37550326e-03, 1.91639528e-01,
            5.18423319e-01, -2.36089662e-01, 2.53674173e+00,
            7.60361016e-01, -3.49790901e-01, 1.25732565e+00,
            6.03452384e-01, -5.90600014e-01, 4.07556295e+00,
            -5.06134152e-01, 2.62473337e-02, 6.36222267e+00,
            1.00751805e+00, 5.73430094e-04, -1.74193561e-01,
            1.06764770e+00, -3.24169509e-02, -4.89715904e-01,
            8.43763828e-01, -2.47983988e-02, 1.99555323e-01,
            9.02688503e-01, 2.14800648e-02, -6.43910110e-01,
            8.44022393e-01, 2.99505442e-02, 2.19795391e-01,
            8.11597884e-01, -4.93408777e-02, 5.23521185e-01,
            1.00178802e+00, 7.45129399e-03, -1.16104327e-01,
            8.91157627e-01, 1.50981367e-01, -8.96016598e-01,
            1.01017022e+00, 4.37140086e-04, -1.04523756e-01,
            8.62120628e-01, -1.91090629e-01, 6.18142247e-01,
            8.52869093e-01, 2.44920161e-02, 2.21509904e-01,
            6.91379666e-01, -2.05238327e-01, 1.53439450e+00,
            8.26926947e-01, 6.70680869e-03, 3.47627282e-01,
            8.12913954e-01, 2.01314203e-02, 3.63276035e-01,
            5.81211627e-01, -3.43862087e-01, 2.50802493e+00,
            1.00503194e+00, -8.20527319e-03, -1.50422052e-01,
            6.01213574e-01, -3.27788115e-01, 2.39260221e+00,
            6.83867097e-01, -2.10981384e-01, 1.57447052e+00,
            7.84334779e-01, -3.93878102e-01, 1.31947899e+00,
            9.99223053e-01, 1.18545378e-02, -5.03884591e-02,
            8.43976080e-01, -2.90419608e-02, 2.41456464e-01,
            1.03299379e+00, -8.23742710e-03, -3.33607346e-01,
            1.08689129e+00, -3.50938328e-02, -5.80126166e-01,
            8.89198244e-01, -1.00481153e-01, -6.35812044e-01,
            1.00078499e+00, 5.65046910e-03, -1.00404367e-01,
            8.53431582e-01, 3.27289179e-02, 2.20650032e-01,
            7.86913514e-01, 4.94239442e-02, 3.94706100e-01,
            1.04199255e+00, -1.68564729e-02, -3.77899200e-01,
            1.96463754e-03, 4.37810421e-02, 9.15646553e+00,
            1.01715827e+00, -2.36355583e-03, -1.17833413e-01,
            9.49161828e-01, -9.68540162e-02, -6.76299274e-01,
            9.10088956e-01, 3.90993744e-01, -1.18176663e+00,
            9.06675518e-01, -8.36572722e-02, -5.45326114e-01,
            8.04362357e-01, -3.05615254e-02, 3.83510321e-01,
            8.95396948e-01, 1.09616652e-01, -7.93046534e-01,
            8.83176148e-01, 4.71753329e-02, -6.24180615e-01,
            9.57567513e-01, 1.03808753e-01, -9.80431736e-01,
            1.04331374e+00, -1.79636255e-02, -3.87885183e-01,
            6.39667094e-01, -9.86619964e-02, 1.74933624e+00,
            7.89322197e-01, -1.21542178e-01, 9.64780867e-01,
            7.23779440e-01, -1.72583854e+00, 5.05578566e+00,
            8.98156524e-01, 2.90006936e-01, -1.05787265e+00,
            1.22568476e+00, -8.24949890e-02, -1.14618528e+00,
            9.47911084e-01, -1.37739005e-02, -5.01389146e-01,
            7.90577531e-01, -7.14518428e-02, 5.99315405e-01,
            8.27106357e-01, -2.59981781e-01, 8.31650436e-01,
            7.91868925e-01, -1.01775981e-01, 4.92108613e-01,
            7.55580723e-01, 6.03317954e-02, 6.46728039e-01,
            8.51488173e-01, 5.06161479e-03, 2.48439625e-01,
            1.29002130e+00, -1.06343761e-01, -1.36621952e+00,
            9.17403579e-01, -1.03787770e-02, -6.50466740e-01,
            9.16527092e-01, -8.77088085e-02, -5.83127737e-01,
            8.45574081e-01, -4.32959720e-02, 2.23009661e-01,
            1.00818670e+00, -1.21048894e-02, -1.77481934e-01,
            7.02784419e-01, -1.40865505e-01, 2.07383323e+00,
            1.02181542e+00, -9.97069059e-04, -1.24435432e-01,
            7.64738679e-01, -2.22175103e-02, 6.80462539e-01,
            7.75767386e-01, -3.84846687e-01, 1.99550354e+00,
            -1.14508092e+00, 6.07496679e-01, 7.58981085e+00,
            1.29680383e+00, -1.04196735e-01, -1.38137460e+00,
            8.82290602e-01, 3.01303446e-01, -9.91996706e-01,
