{
    "points_3d": {
        "type_id": "opencv-matrix",
        "rows": 187,
        "cols": 1,
        "dt": "3f",
        "data": [ 1.49837041e+00, -2.53347903e-02, -8.85393858e-01,
            9.03272092e-01, -8.26392993e-02, -4.19359863e-01,
            8.71575594e-01, -1.22164957e-01, -5.53621650e-01,
            8.56662273e-01, -1.25673860e-01, -5.88744283e-01,
            1.36980867e+00, 2.65830699e-02, -1.38658118e+00,
            8.91931117e-01, -9.53362733e-02, -4.70835507e-01,
            1.38731050e+00, 4.19342853e-02, -1.49818504e+00,
            7.94796526e-01, -1.01220563e-01, -7.26482153e-01,
            1.40496492e+00, 1.10006742e-01, -1.50773013e+00,
            1.41472554e+00, 1.10388674e-01, -1.54995263e+00,
            8.85725439e-01, -1.21541552e-01, -5.46965420e-01,
            8.61262858e-01, -1.22883052e-01, -5.43332875e-01,
            8.57607841e-01, -1.10333741e-01, -5.01356006e-01,
            1.40824437e+00, 1.53235212e-01, -1.48398399e+00,
            1.47732198e+00, 2.02532083e-01, -6.94932103e-01,
            1.39816749e+00, 1.69269741e-01, -1.49436176e+00,
            1.43349922e+00, 1.15047380e-01, -1.51874006e+00,
            1.46167767e+00, -9.53783467e-02, -6.88356638e-01,
            1.26848733e+00, 3.66610497e-01, -1.58081007e+00,
            1.05133057e+00, -4.92976718e-02, -4.91015881e-01,
            1.46132028e+00, -8.50938112e-02, -6.53176725e-01,
            1.45959842e+00, -8.73077959e-02, -6.50310755e-01,
            1.35806382e+00, 5.06071448e-01, -1.39934838e+00,
            1.44958127e+00, -8.12733769e-02, -6.35936797e-01,
            1.23410177e+00, 3.60870302e-01, -1.61798382e+00,
            1.26705980e+00, 3.64797920e-01, -1.57143152e+00,
            1.37333572e+00, -2.85445992e-02, -1.32729638e+00,
            1.47769094e+00, 2.68261939e-01, -1.41324151e+00,
            1.46709490e+00, 1.66736156e-01, -1.63454163e+00,
            1.47415590e+00, 2.66166776e-01, -1.39935863e+00,
            1.39948142e+00, -3.34357470e-02, -1.41789603e+00,
            1.15373135e+00, 2.05592439e-02, -1.17210817e+00,
            9.24960792e-01, 4.62429464e-01, -2.04932523e+00,
            1.16440666e+00, 2.12142002e-02, -1.24993265e+00,
            1.34239662e+00, 3.68045159e-02, -1.41369057e+00,
            1.38001335e+00, 1.60650671e-01, -1.55681348e+00,
            1.46656847e+00, 1.66420251e-01, -1.62437797e+00,
            1.53431535e+00, 2.63825834e-01, -1.32832146e+00,
            1.03640509e+00, 4.77520451e-02, -1.09307051e+00,
            1.41037691e+00, 2.95962244e-01, -1.54001522e+00,
            1.47558820e+00, 2.42189281e-02, -6.81802154e-01,
            -2.15290502e-01, 8.74628425e-01, -4.46591949e+00,
            1.45216334e+00, 2.49654934e-01, -1.42058218e+00,
            1.44074869e+00, 3.28188360e-01, -1.43941438e+00,
            1.25061250e+00, 1.61670133e-01, -1.44331729e+00,
            1.47893453e+00, 1.83811069e-01, -6.99030519e-01,
            1.49724913e+00, 3.51594985e-01, -1.33377624e+00,
            1.41886795e+00, 3.19226176e-01, -1.56530499e+00,
            1.03981256e+00, 4.81843576e-02, -1.17550993e+00,
            1.14288592e+00, -4.99355681e-02, -8.12517226e-01,
            1.07984567e+00, 6.44308031e-02, -1.95813537e+00,
            1.45481730e+00, 3.37213457e-01, -1.48663628e+00,
            1.37358260e+00, 2.17107549e-01, -1.41698682e+00,
            1.18334091e+00, 3.38171631e-01, -1.55564213e+00,
            1.18456876e+00, 3.43395203e-01, -1.57575059e+00,
            1.15942824e+00, 1.84215605e-01, -1.38500643e+00,
            1.23275793e+00, 1.17161319e-01, -3.47547114e-01,
            9.15797651e-01, 1.21585689e-01, -1.50037670e+00,
            1.47390294e+00, 6.56110570e-02, -7.57167101e-01,
            9.12110507e-01, -6.41677678e-02, -1.00880241e+00,
            1.47760642e+00, 2.92559594e-01, -7.80622959e-01,
            1.48199272e+00, -1.25963554e-01, -7.58952439e-01,
            1.47785044e+00, 2.65834898e-01, -7.02691734e-01,
            1.37969089e+00, 3.55938822e-02, -1.38625956e+00,
            2.49328766e+01, -1.08729353e+01, -4.26221199e+01,
            1.06007588e+00, 1.80341125e-01, -1.41099823e+00,
            9.81987059e-01, -1.09144002e-01, -7.32286751e-01,
            1.19468164e+00, 1.39035150e-01, -1.48419905e+00,
            1.53295720e+00, 1.62389770e-01, -1.33635902e+00,
            1.17358255e+00, 2.32451528e-01, -1.45917451e+00,
            1.48570514e+00, -1.27568617e-01, -7.64887631e-01,
            1.70224285e+00, -1.89047277e-01, -1.60958695e+00,
            1.02205169e+00, -2.89687607e-02, -2.22145513e-01,
            1.34246612e+00, 1.68827131e-01, -5.60735345e-01,
            1.67067146e+00, -1.92820042e-01, -1.63037097e+00,
            1.60158193e+00, 1.04148097e-01, -1.31569147e+00,
            1.49654758e+00, -1.42590955e-01, -8.00842643e-01,
            1.04965711e+00, 6.04791492e-02, -1.11777842e+00,
            9.36323225e-01, -1.14134148e-01, -6.82356954e-01,
            1.48079443e+00, 2.25812063e-01, -1.43163013e+00,
            1.04845262e+00, 7.29264766e-02, -1.23340845e+00,
            9.27963972e-01, -4.86333743e-02, -1.02779698e+00,
            1.26239848e+00, -1.90490335e-02, -1.27142453e+00,
            1.47969520e+00, 2.06235677e-01, -7.77070701e-01,
            1.32011819e+00, 4.36161399e-01, -1.58778751e+00,
            1.48303890e+00, -5.58778411e-03, -7.05159426e-01,
            1.22354317e+00, 3.04193348e-01, -1.58205819e+00,
            8.85857642e-01, -5.64150400e-02, -1.03824687e+00,
            1.05425537e+00, -3.81755382e-02, -6.00839734e-01,
            9.79429722e-01, -1.05206132e-01, -7.63627112e-01,
            1.33582842e+00, 2.09907383e-01, -1.55133820e+00,
            1.48832929e+00, 1.33840740e-01, -7.88539052e-01,
            1.46951914e+00, -1.08572088e-01, -7.35069036e-01,
            1.15812039e+00, 4.31657955e-02, -1.23716414e+00,
            1.47820497e+00, 1.31218851e-01, -7.70744801e-01,
            1.32989526e+00, 4.35052276e-01, -1.58365941e+00,
            1.49287724e+00, 1.81283325e-01, -8.85499775e-01,
            1.25260687e+00, -2.98225787e-02, -1.22916150e+00,
            9.49767947e-01, 7.11731315e-02, 1.47858694e-01,
            1.03832126e+00, -5.31730019e-02, -3.82948071e-01,
            1.07185149e+00, -4.08675857e-02, -6.43288016e-01,
            1.05963111e+00, -4.36266810e-02, -5.95770001e-01,
            1.48820102e+00, 1.33763209e-01, -7.88263142e-01,
            1.03915584e+00, -5.68989553e-02, -4.09949869e-01,
            1.31992376e+00, -2.29733419e-02, -1.31247532e+00,
            1.30905199e+00, -1.53896697e-02, -1.28942323e+00,
            1.00488913e+00, 2.08520126e-02, -3.54176164e-02,
            9.71767306e-01, 4.08160612e-02, 7.74893984e-02,
            1.29927707e+00, 1.37496486e-01, -1.43947124e+00,
            1.33153081e+00, -2.71979459e-02, -1.35294247e+00,
            1.05894554e+00, -4.24098894e-02, -5.89216471e-01,
            7.26871729e-01, 8.95134881e-02, -1.57217860e+00,
            1.08871710e+00, 5.13147675e-02, -3.45345199e-01,
            1.08545721e+00, 7.85447419e-01, -2.14783168e+00,
            1.31254232e+00, 5.51170669e-02, -1.16459930e+00,
            1.31406891e+00, -2.39893012e-02, -1.28582156e+00,
            7.60080218e-01, 5.19993855e-03, -1.34834635e+00,
            1.03002608e+00, -4.10699546e-02, -5.28175175e-01,
            1.44152820e+00, 1.93772510e-01, -1.48973978e+00,
            9.59525764e-01, 6.24183491e-02, 1.25491142e-01,
            9.64424133e-01, 8.06502521e-01, -2.35173321e+00,
            1.46295154e+00, 2.87472785e-01, -1.45555127e+00,
            1.01651466e+00, 1.58991087e-02, -8.13620836e-02,
            9.17059600e-01, -1.14476278e-01, -6.95056856e-01,
            8.61735761e-01, 6.58271415e-03, -1.24617851e+00,
            1.47987735e+00, 2.19665930e-01, -7.77024448e-01,
            8.82627487e-01, -6.00441843e-02, -1.04134583e+00,
            1.50585449e+00, -1.54071497e-02, -8.83076906e-01,
