{
    "points_3d": {
        "type_id": "opencv-matrix",
        "rows": 544,
        "cols": 1,
        "dt": "3f",
        "data": [ 1.45075071e+00, -1.07339015e-02, -8.25315714e-01,
            8.29031706e-01, -1.45546183e-01, -6.76164865e-01,
            8.11706483e-01, -1.47912920e-01, -7.12274551e-01,
            9.02429402e-01, 1.09167509e-01, 2.24033162e-01,
            1.36310601e+00, 3.88365947e-02, -1.44605875e+00,
            1.37523425e+00, 5.47733605e-02, -1.54506099e+00,
            1.39012170e+00, 1.24265030e-01, -1.54191256e+00,
            8.45093906e-01, -1.46815315e-01, -6.75428927e-01,
            8.17206442e-01, -1.45623505e-01, -6.60301328e-01,
            8.14437985e-01, -1.29379824e-01, -6.05520189e-01,
            1.39226031e+00, 1.67899236e-01, -1.51103079e+00,
            1.38184464e+00, 1.84273064e-01, -1.52132726e+00,
            1.41738844e+00, 1.28974780e-01, -1.54712605e+00,
            1.06545210e+00, -7.50206336e-02, -7.27012277e-01,
            1.40181255e+00, -6.46352395e-02, -5.82760453e-01,
            1.39361298e+00, -5.93596771e-02, -5.70528567e-01,
            1.21871591e+00, 3.89010906e-01, -1.68685949e+00,
            1.37494755e+00, -1.99355297e-02, -1.41176128e+00,
            1.39771795e+00, -2.45424621e-02, -1.49549055e+00,
            8.86432290e-01, 5.06261826e-01, -2.17699838e+00,
            1.16400754e+00, 3.33083756e-02, -1.41189587e+00,
            1.33536220e+00, 4.96737920e-02, -1.47957242e+00,
            1.36332095e+00, 1.76007658e-01, -1.58902967e+00,
            1.49764061e+00, 2.68039823e-01, -1.28757024e+00,
            1.38865721e+00, 3.09755772e-01, -1.54718161e+00,
            1.42659485e+00, 3.52253579e-02, -6.26476407e-01,
            -4.32329744e-01, 9.94758904e-01, -4.95144892e+00,
            1.39709747e+00, 3.33348513e-01, -1.57370889e+00,
            1.02498043e+00, 6.51134327e-02, -1.37199223e+00,
            1.17148316e+00, -6.19131029e-02, -1.06471789e+00,
            1.16937602e+00, 3.70719820e-01, -1.64744735e+00,
            1.17013383e+00, 3.75853419e-01, -1.66665125e+00,
            8.78309309e-01, 1.47846058e-01, -1.68468881e+00,
            8.74478519e-01, -6.95639402e-02, -1.20607686e+00,
            1.42294836e+00, -1.00042552e-01, -6.84769452e-01,
            1.37769103e+00, 4.83466834e-02, -1.46224451e+00,
            9.61781144e-01, -1.34489194e-01, -9.27725255e-01,
            1.18555570e+00, 1.61289960e-01, -1.60156441e+00,
            1.16352475e+00, 2.62630731e-01, -1.57529998e+00,
            1.64118433e+00, -1.66451693e-01, -1.53085649e+00,
            1.61817050e+00, -1.72374070e-01, -1.56842804e+00,
            1.03788114e+00, 7.96973184e-02, -1.31250715e+00,
            9.05437112e-01, -1.38609543e-01, -8.52186382e-01,
            1.00301266e+00, 3.36953104e-02, -1.60086546e-02,
            1.03404808e+00, 9.41210687e-02, -1.43722749e+00,
            8.94064605e-01, -5.01916222e-02, -1.22029972e+00,
            1.26977849e+00, -1.17482282e-02, -1.41276157e+00,
            1.28604150e+00, 1.23656422e-01, -1.49631715e+00,
            1.30093193e+00, 4.55798507e-01, -1.61188376e+00,
            1.21003914e+00, 3.32418501e-01, -1.66427982e+00,
            8.43536139e-01, -5.92900142e-02, -1.23102832e+00,
            1.06308484e+00, -5.22560254e-02, -8.37638736e-01,
            9.58266854e-01, -1.27814949e-01, -9.58738565e-01,
            1.32268405e+00, 2.28999883e-01, -1.60390031e+00,
            1.41386259e+00, -8.48852098e-02, -6.65863514e-01,
            1.15714371e+00, 5.82060628e-02, -1.39708376e+00,
            1.31060147e+00, 4.54188049e-01, -1.60611427e+00,
            1.26261187e+00, -2.44950671e-02, -1.38134062e+00,
            9.83899355e-01, 5.18060364e-02, 4.93390448e-02,
            1.05260587e+00, -9.09423381e-02, -6.11413538e-01,
            1.08602464e+00, -5.50287627e-02, -8.88241768e-01,
            1.07099307e+00, -6.02686182e-02, -8.33112180e-01,
            1.05211461e+00, -9.41252783e-02, -6.41636133e-01,
            1.32675099e+00, -1.52122928e-02, -1.43172562e+00,
            1.31650043e+00, -7.09344167e-03, -1.41170347e+00,
            1.02819967e+00, 7.29264366e-03, -1.59152195e-01,
            1.29396343e+00, 1.56997651e-01, -1.52622008e+00,
            1.33727837e+00, -1.95620805e-02, -1.46989620e+00,
            6.59457147e-01, 1.13176756e-01, -1.78366780e+00,
            1.05405664e+00, 8.10451031e-01, -2.17149925e+00,
            1.32285964e+00, -1.66851096e-02, -1.41140676e+00,
            6.97725713e-01, 1.60708223e-02, -1.54642975e+00,
            1.03096581e+00, -5.78455329e-02, -7.45921373e-01,
            1.41903532e+00, 2.06245542e-01, -1.49200594e+00,
            9.93375063e-01, 4.27652076e-02, 1.89523790e-02,
            9.27182913e-01, 8.42415750e-01, -2.40617871e+00,
            1.05254579e+00, 3.94230196e-03, -2.45434210e-01,
            8.82241607e-01, -1.36816218e-01, -8.57348084e-01,
            8.14977527e-01, 1.69635750e-02, -1.44746983e+00,
            8.15580487e-01, 8.39154780e-01, -2.53716135e+00,
            8.40069115e-01, -6.33245334e-02, -1.23109293e+00,
            1.45738328e+00, -1.47520611e-03, -8.22548807e-01,
            1.02882016e+00, 9.52454843e-03, -1.53202832e-01,
            1.09809792e+00, 2.48000287e-02, -1.34730160e+00,
            1.12520838e+00, -5.05299754e-02, -9.92265761e-01,
            1.01791918e+00, 2.35250238e-02, -7.46224672e-02,
            1.13347495e+00, -6.32903427e-02, -9.72060323e-01,
            7.91257203e-01, 2.79597715e-02, -1.50129437e+00,
            9.78011072e-01, 5.59781380e-02, 6.40770718e-02,
            7.17945158e-01, 1.61904350e-01, -1.81980264e+00,
            9.35520172e-01, -1.33850992e-01, -9.00025189e-01,
            1.40693331e+00, -7.17433020e-02, -6.47843778e-01,
            8.09858024e-01, 8.63221347e-01, -2.61525774e+00,
            1.43472230e+00, -1.00311274e-02, -8.23359847e-01,
            9.09114897e-01, -5.54541647e-02, -1.21422684e+00,
            1.15858281e+00, 9.95705649e-03, -1.38326919e+00,
            1.46568179e+00, 2.00776070e-01, -1.44981122e+00,
            6.77483141e-01, 8.47267091e-01, -2.79165125e+00,
            9.33436334e-01, 1.72552764e-01, -1.70466316e+00,
            1.31131208e+00, -8.38279352e-02, -1.31973147e+00,
            6.45753503e-01, 1.04212105e-01, -1.75008464e+00,
            1.00597894e+00, -1.02378748e-01, -6.25262916e-01,
            1.19424438e+00, 1.17278732e-01, -1.49867737e+00,
            1.18572557e+00, -7.53445104e-02, -1.08549535e+00,
            1.42559028e+00, -1.09151993e-02, -6.93962812e-01,
            1.25365472e+00, -8.46419558e-02, -1.19927168e+00,
            9.38249767e-01, -8.99453685e-02, -1.12338245e+00,
            1.16243899e+00, 7.18483031e-02, -1.44433105e+00,
            9.79331315e-01, 5.58803454e-02, 6.25921264e-02,
            8.52233112e-01, -1.41224101e-01, -8.44785571e-01,
            1.01380360e+00, 2.64634080e-02, -5.65080643e-02,
            1.29367912e+00, 5.44875003e-02, -1.43353403e+00,
            1.46330822e+00, 4.12617885e-02, -9.48222637e-01,
            7.95657694e-01, -5.22749275e-02, -1.26036465e+00,
            1.00292742e+00, -3.82333882e-02, -1.21983802e+00,
            1.01478636e+00, -7.22547099e-02, -6.60220027e-01,
            1.02085209e+00, 2.79344916e-02, -6.47188947e-02,
            1.11187935e+00, 6.92905605e-01, -2.01983905e+00,
            9.28757012e-01, 7.13988319e-02, -1.53645933e+00,
            1.01079369e+00, 2.54705250e-02, -4.97447252e-02,
            1.06267715e+00, -4.27617989e-02, -9.12744939e-01,
            1.00934064e+00, -5.20240888e-02, -7.51957357e-01,
            1.52892363e+00, 4.11988609e-02, -1.19822133e+00,
            8.31995249e-01, -1.16368659e-01, -1.00384092e+00,
            1.45826173e+00, 7.33120739e-02, -1.47260773e+00,
            8.05839419e-01, -1.42388985e-01, -8.41959357e-01,
            1.28555763e+00, -9.44962502e-02, -1.26578116e+00,
            1.52261829e+00, -8.68082941e-02, -1.48894215e+00,
