{
    "points_3d": {
        "type_id": "opencv-matrix",
        "rows": 239,
        "cols": 1,
        "dt": "3f",
        "data": [ -2.25830054e+00, -3.88868356e+00, -1.36931515e+01,
            -8.51140201e-01, -2.46388507e+00, -8.60881519e+00,
            -1.70998442e+00, -3.27354836e+00, -1.11609735e+01,
            3.09933424e-01, 7.72951245e-02, 2.58502746e+00,
            2.75334477e-01, 4.71831076e-02, 2.82076120e+00,
            -1.20106590e+00, -2.91748691e+00, -1.04880085e+01,
            2.06105307e-01, -7.49741793e-02, 2.97019243e+00,
            2.69287050e-01, 6.27835747e-03, 3.03058577e+00,
            2.91121036e-01, 1.16739392e-01, 2.89858198e+00,
            -7.26489201e-02, -1.54718268e+00, -5.29537916e+00,
            2.49140084e-01, -8.81786644e-02, 2.98990011e+00,
            -1.72243103e-01, -5.04725993e-01, 1.61990356e+00,
            -1.45641458e+00, -2.94994116e+00, -9.79884338e+00,
            1.99123085e-01, -9.04372111e-02, 3.20886827e+00,
            1.95673466e-01, -8.38365480e-02, 3.00805902e+00,
            -5.26293293e-02, -6.86549425e-01, -3.58316302e+00,
            1.97283864e-01, -8.25854689e-02, 3.00989127e+00,
            -7.81163263e+00, 6.79805136e+00, -3.22444000e+01,
            1.80428669e-01, -2.08164677e-01, 3.09290433e+00,
            -8.51547003e-01, 1.23818612e+00, 3.80126166e+00,
            2.45911375e-01, -8.10357451e-01, 4.29114151e+00,
            1.69478655e-01, -1.72077313e-01, 3.03085446e+00,
            -7.18575764e+00, 6.39190340e+00, -3.08236294e+01,
            2.09309503e-01, 6.12731501e-02, 2.85759997e+00,
            6.86253086e-02, -1.08364737e+00, 3.45174456e+00,
            3.04688066e-01, -1.14528871e+00, 4.58952570e+00,
            1.15702167e-01, -7.18776107e-01, -3.29381275e+00,
            -1.85797185e-01, -5.22848845e-01, 1.57107282e+00,
            7.60134384e-02, 2.84815967e-01, 1.34018195e+00,
            3.35671246e-01, 5.75423464e-02, 2.74581599e+00,
            1.22224070e-01, -1.06545925e+00, 3.46986890e+00,
            1.63980439e-01, -8.82164761e-02, 2.93139434e+00,
            2.57191390e-01, 1.83940440e-01, 2.65014434e+00,
            1.59780934e-01, -8.93710405e-02, 2.95148063e+00,
            1.17558695e-01, 2.84136504e-01, 1.33472729e+00,
            1.16865441e-01, 2.86192149e-01, 1.33544540e+00,
            3.57606620e-01, -1.21616304e+00, 4.99400139e+00,
            1.70955077e-01, -1.26556873e+00, 4.52310324e+00,
            -1.86352041e-02, -6.63080037e-01, 2.88370967e+00,
            2.53513038e-01, 1.84573084e-01, 2.66705441e+00,
            9.47413221e-02, -3.60668689e-01, 2.88946342e+00,
            1.91364333e-01, -5.44754207e-01, 3.99976468e+00,
            1.18066311e-01, 2.91932851e-01, 1.32614040e+00,
            5.01088917e-01, 1.08890049e-01, 3.64894319e+00,
            2.35154256e-01, -1.86713547e-01, 3.15617681e+00,
            -3.07631888e-03, -6.24131083e-01, 2.76652002e+00,
            3.74893993e-02, -5.47754467e-01, 2.65395594e+00,
            1.28027785e+00, -1.83374858e+00, 9.32783890e+00,
            8.89904201e-01, -1.40107488e-02, 6.93892097e+00,
            2.71531334e-03, -3.87892872e-01, 2.67746758e+00,
            4.04111296e-02, -5.40019035e-01, 2.62990403e+00,
            3.02511841e-01, -5.19016802e-01, -2.26804733e+00,
            1.73907712e-01, -1.18834460e+00, 4.14040470e+00,
            -1.38685033e-01, -6.90387070e-01, 1.84497046e+00,
            5.26543319e-01, 1.00300021e-01, 3.44840837e+00,
            -1.04245797e-01, -6.73403203e-01, -3.66174555e+00,
            1.37493476e-01, -1.76627964e-01, 3.00619197e+00,
            6.80826306e-02, 9.54774320e-02, 1.42770100e+00,
            4.31585193e-01, -4.43358541e-01, 4.55258751e+00,
            1.27870843e-01, -4.79792058e-01, 3.29263234e+00,
            1.44834900e+00, 6.23062372e-01, 5.53892612e+00,
            5.18133104e-01, 6.02234423e-01, 4.91615820e+00,
            3.43215048e-01, 4.12879735e-01, 3.45109177e+00,
            4.20326114e-01, -4.55835819e-01, 4.68212461e+00,
            1.11859821e-01, 1.52610570e-01, 1.38962913e+00,
            7.15985596e-02, -5.40114939e-01, 3.05950403e+00,
            8.85797977e-01, -6.05818955e-03, 3.92322087e+00,
            1.60692409e-01, 3.41994613e-02, 1.90809441e+00,
            2.29799330e-01, 8.58739614e-02, 2.11327291e+00,
            3.45023304e-01, -2.52116770e-01, 3.68569517e+00,
            2.62406290e-01, -5.70856273e-01, -2.57336593e+00,
            9.73278377e-03, -3.86093140e-01, 2.65809131e+00,
            1.04747087e-01, -5.27807713e-01, 3.34454608e+00,
            4.17297512e-01, -2.28064284e-01, 4.29874325e+00,
            1.00993291e-01, -5.38813174e-02, 2.05404806e+00,
            2.94831255e-03, -1.14760533e-01, 1.56339812e+00,
            6.85003698e-01, -1.08304501e-01, 6.12260437e+00,
            2.76799530e-01, -1.34519255e+00, 4.57790756e+00,
            1.55653203e+00, -5.14374971e-01, 9.43015099e+00,
            7.30944633e-01, -4.76909518e-01, 5.46260595e+00,
            8.67862850e-02, -1.65181100e-01, 2.37212920e+00,
            4.41911876e-01, -5.36917090e-01, -2.19588399e+00,
            -3.29841413e-02, -9.20329571e-01, 3.13406062e+00,
            -4.72609699e-02, -5.18542349e-01, 2.73545551e+00,
            1.66338980e-01, -1.21666454e-01, 2.98310471e+00,
            7.31409550e-01, -4.75311428e-02, 3.30470532e-01,
            6.67864025e-01, -5.57536930e-02, 5.84747458e+00,
            -9.61901474e+00, 4.72748947e+00, 3.03576813e+01,
            2.95439720e-01, 1.72155946e-01, 2.88300991e+00,
            7.83815235e-02, 1.98361945e+00, 7.16793156e+00,
            2.51229614e-01, -1.48745984e-01, 3.03777504e+00,
            3.59118432e-02, -1.57774344e-01, 1.67618549e+00,
            1.83962565e-02, -1.00283539e+00, 3.44644618e+00,
            6.75976396e-01, 1.19035172e+00, 6.65417910e+00,
            1.17483783e+00, 4.90038157e-01, 2.00656676e+00,
            7.17902720e-01, 3.45234662e-01, 5.25271034e+00,
            -1.35039255e-01, -5.47582269e-01, -4.16066694e+00,
            2.12364923e-02, -5.21635354e-01, 2.78406167e+00,
            -2.54088855e+00, 2.82368875e+00, 1.08664808e+01,
            8.58018994e-02, -2.87020113e-02, 1.58885777e+00,
            4.60155427e-01, 5.27435839e-01, 3.39004374e+00,
            2.52294868e-01, 2.08559439e-01, 1.54497731e+00,
            4.58791494e-01, -1.43116415e+00, 5.31179523e+00,
            1.28466725e-01, 2.37093061e-01, 1.83696961e+00,
            1.03336036e+00, 3.93200964e-01, 1.86115193e+00,
            3.80149454e-01, 2.12836415e-01, 2.93573952e+00,
            4.01846886e-01, -7.79506743e-01, 5.04216099e+00,
            4.50585186e-01, -1.38600814e+00, 5.31516886e+00,
            4.58888561e-01, 4.09766622e-02, 4.01278734e+00,
            7.98517704e-01, 1.12416297e-01, 5.92861128e+00,
            3.20727170e-01, -6.97733462e-01, 4.59804344e+00,
            6.51367828e-02, -3.03026617e-01, 2.84309936e+00,
            4.01438206e-01, 1.06122315e+00, 4.03512764e+00,
            6.76582456e-02, -9.66222703e-01, 3.82377362e+00,
            4.86122340e-01, 6.16055667e-01, 4.68283081e+00,
            4.17263389e-01, -1.30991840e+00, 4.85679340e+00,
            1.03361535e+00, 4.36407119e-01, 1.94225550e+00,
            4.80048448e-01, 9.08582568e-01, 3.44152689e+00,
            4.36623357e-02, -9.02800083e-01, 3.62098765e+00,
            2.98341960e-01, 5.02973981e-02, 3.14088297e+00,
            1.84304044e-01, -1.41230738e+00, 3.96602678e+00,
            1.21871084e-01, 3.36168379e-01, 2.03962731e+00,
            5.67056119e-01, -1.91080093e-01, 5.70448780e+00,
            4.39089894e-01, 5.57135284e-01, 4.31525755e+00,
            3.63569349e-01, 4.57794696e-01, 3.48195529e+00,
            2.59045869e-01, 8.16463828e-01, 5.04769611e+00,
            4.76664782e+00, 6.94407403e-01, 2.19834251e+01,
            4.52558398e-01, 6.52537644e-01, 4.58536053e+00,
            1.08098052e-01, -9.67713416e-01, 4.22590208e+00,
