{
    "points_3d": {
        "type_id": "opencv-matrix",
        "rows": 506,
        "cols": 1,
        "dt": "3f",
        "data": [ 5.30515718e+00, 4.67855930e+00, 1.64911098e+01,
            4.56013441e+00, 4.30971241e+00, 1.49562292e+01,
            5.10215044e-01, 7.11737275e-02, 2.01669168e+00,
            4.31294823e+00, 3.98091531e+00, 1.42446251e+01,
            4.56437647e-01, -1.84330549e-02, 2.14722037e+00,
            5.25687814e-01, 4.09108549e-02, 2.08583975e+00,
            5.20462513e-01, 1.21418819e-01, 2.08530188e+00,
            4.20972681e+00, 4.22838783e+00, 1.42169762e+01,
            4.99058574e-01, -2.65855026e-02, 2.11063099e+00,
            4.49553937e-01, -2.50327624e-02, 2.17387390e+00,
            -5.35224199e-01, -8.50439131e-01, -4.85158587e+00,
            4.56681192e-01, -2.32886765e-02, 2.14976311e+00,
            -3.40939432e-01, 1.05254447e+00, -4.62096882e+00,
            4.39062238e-01, -1.16247788e-01, 2.23516846e+00,
            -5.63299179e-01, 1.12536001e+00, 3.37228441e+00,
            4.47218180e-01, -6.31304562e-01, 3.46323681e+00,
            4.22012866e-01, -9.16451588e-02, 2.22503376e+00,
            -2.44629204e-01, 9.89818871e-01, -4.40718269e+00,
            4.39129680e-01, 8.27903524e-02, 2.14330983e+00,
            4.53445643e-01, -9.92905438e-01, 4.05162621e+00,
            -1.22990894e+00, -1.59273255e+00, -7.62557983e+00,
            -4.23184261e-02, -4.25516903e-01, 1.41177869e+00,
            4.15039986e-01, -2.91627999e-02, 2.15943098e+00,
            4.08237487e-01, -3.06820963e-02, 2.19026589e+00,
            5.14655590e-01, -1.04023886e+00, 4.33351755e+00,
            3.05799723e-01, -1.14683187e+00, 4.16765118e+00,
            1.98554322e-01, -5.11327028e-01, 2.36753774e+00,
            3.34887773e-01, -2.43572861e-01, 2.22420549e+00,
            4.31437403e-01, -3.88390809e-01, 3.04795527e+00,
            7.47644961e-01, 9.83586758e-02, 2.04127502e+00,
            4.94333863e-01, -9.67784822e-02, 2.21257973e+00,
            2.20632777e-01, -4.71094310e-01, 2.23738408e+00,
            2.35912085e+00, -5.60009623e+00, 2.77552338e+01,
            9.98266995e-01, 2.48600114e-02, 2.69565034e+00,
            2.43466288e-01, -2.70385921e-01, 2.11134744e+00,
            2.68514663e-01, -3.93220991e-01, 2.08262229e+00,
            3.91666353e-01, -9.63214487e-02, 2.23200583e+00,
            6.68974638e-01, -2.69095570e-01, 3.02320147e+00,
            3.78313243e-01, -3.30665439e-01, 2.48268318e+00,
            7.44885385e-01, 4.18301255e-01, 3.15332627e+00,
            5.48657298e-01, 3.46439213e-01, 2.60546184e+00,
            6.53310418e-01, -2.88110703e-01, 3.20808244e+00,
            3.01101625e-01, -3.95159900e-01, 2.42019272e+00,
            3.20855439e-01, 6.94880188e-02, 1.60055935e+00,
            4.05068815e-01, 1.09248154e-01, 1.70245850e+00,
            -5.70557892e-01, -1.05877960e+00, -5.04388094e+00,
            3.50335538e-01, -3.74735683e-01, 2.56844211e+00,
            6.82489812e-01, -1.09324127e-01, 2.62212396e+00,
            2.85123736e-01, -4.32976102e-03, 1.69109118e+00,
            1.40914232e-01, -5.85404262e-02, 1.38376367e+00,
            8.68901193e-01, -4.56623137e-02, 3.79481888e+00,
            4.07997280e-01, -1.21252334e+00, 4.18581724e+00,
            -5.77639389e+00, 5.38468981e+00, -8.56966705e+01,
            8.84001434e-01, -2.89199144e-01, 3.54237843e+00,
            1.78188175e-01, -3.88351679e-01, 2.23253155e+00,
            4.31772619e-01, -5.16367741e-02, 2.13885236e+00,
            8.67495835e-01, -5.08813700e-03, 3.25777388e+00,
            5.11474848e-01, 1.64708763e-01, 2.13216329e+00,
            5.03234208e-01, -6.95527792e-02, 2.13367724e+00,
            1.90284953e-01, -9.41207930e-02, 1.44649959e+00,
            8.70143116e-01, 7.98277736e-01, 4.32559729e+00,
            1.47982764e+00, 1.04684579e+00, 4.37914181e+00,
            9.04044926e-01, 1.99373990e-01, 2.48363161e+00,
            2.52742827e-01, -3.81072283e-01, 2.21514988e+00,
            -9.39348519e-01, 1.66232443e+00, 6.33410883e+00,
            2.18221858e-01, 1.72242280e-02, 1.39954352e+00,
            6.47662461e-01, 4.21900272e-01, 2.47758222e+00,
            5.74426055e-01, -1.34105551e+00, 5.01540232e+00,
            5.89483380e-01, 1.89637572e-01, 2.09326816e+00,
            5.89452267e-01, -6.05059564e-01, 4.02926779e+00,
            5.81955433e-01, -1.24964535e+00, 4.83418512e+00,
            7.18676150e-01, 5.82920350e-02, 2.32802463e+00,
            9.49371338e-01, 8.32279772e-02, 2.73466539e+00,
            5.36124110e-01, -5.13149440e-01, 3.52542734e+00,
            3.08879614e-01, -1.99418709e-01, 2.19804215e+00,
            5.20747662e-01, 1.01002002e+00, 3.75573134e+00,
            7.08237290e-01, 4.47325349e-01, 3.15866995e+00,
            5.46924353e-01, -1.16870677e+00, 4.38689518e+00,
            1.09092581e+00, 5.47034502e-01, 2.32561970e+00,
            5.43123722e-01, 9.51918423e-01, 3.52654743e+00,
            5.45640707e-01, 7.10292086e-02, 2.17281151e+00,
            3.32463801e-01, -1.22921658e+00, 3.51251721e+00,
            7.85636663e-01, -9.82532874e-02, 3.61005235e+00,
            5.59944749e-01, 3.84144783e-01, 2.66080999e+00,
            5.34249544e-01, -1.08827313e-03, 2.22904587e+00,
            5.13956428e-01, 6.39742672e-01, 3.78868127e+00,
            6.02238476e-01, 7.48326071e-03, -2.09808922e+00,
            6.67972207e-01, 4.95790005e-01, 3.26852107e+00,
            1.70631313e+00, 1.20973516e+00, 5.19631624e+00,
            7.38831520e-01, 6.81591988e-01, 4.33948755e+00,
            5.35205066e-01, 9.36743677e-01, 3.48688126e+00,
            8.55967760e-01, 3.75716016e-02, -1.04224324e+00,
            1.04345894e+00, 1.03540786e-01, 4.57078338e-01,
            6.67071223e-01, 8.03379714e-01, 3.26344919e+00,
            6.07848763e-01, 3.52167070e-01, 2.79207730e+00,
            5.91134429e-01, 1.67032018e-01, 2.08020782e+00,
            1.09892476e+00, 5.46868026e-01, 2.46283937e+00,
            2.20435858e-01, -1.67844951e-01, 1.54725194e+00,
            4.20101106e-01, -1.36606976e-01, 2.08722234e+00,
            4.24966902e-01, 1.56684652e-01, -3.11307406e+00,
            5.13049841e-01, -9.43622813e-02, 2.46320009e+00,
            8.15743732e+00, -3.26925278e+01, 1.07428040e+02,
            3.17914844e-01, -9.58008170e-01, 3.86538625e+00,
            -1.05173695e+00, 1.79836249e+00, 8.93680859e+00,
            -6.54407024e-01, 1.91894746e+00, 7.55605984e+00,
            -9.32211995e-01, 1.74545944e+00, 5.71330690e+00,
            -1.26409376e+00, 1.59035134e+00, 7.73072052e+00,
            1.21212983e+00, 2.57741511e-01, 1.56882083e+00,
            7.82054722e-01, 4.10716414e-01, 3.28908873e+00,
            -2.72963941e-01, 1.98814440e+00, 6.85701656e+00,
            5.77321053e-01, -4.26495463e-01, 3.77853417e+00,
            9.08380508e-01, 3.82338353e-02, -7.01702118e-01,
            -2.60100532e+00, 9.40975380e+00, -3.32987709e+01,
            3.27171087e-01, -6.68585122e-01, 3.24970698e+00,
            2.59703130e-01, -8.89503211e-02, 1.51875818e+00,
            4.30526108e-01, 2.73194939e-01, -3.79267097e+00,
            -9.29651380e-01, 1.84721076e+00, 8.84678364e+00,
            5.62599838e-01, 2.95266747e-01, 2.46629381e+00,
            8.06794286e-01, -1.28340676e-01, 5.02567816e+00,
            1.46523333e+00, -5.55720043e+00, 1.74460869e+01,
            5.87164402e-01, -4.41224366e-01, 3.69863248e+00,
            -4.78053480e-01, 2.13482428e+00, 7.28514910e+00,
            1.04864907e+00, 1.32738784e-01, 7.81116962e-01,
            -8.93672585e-01, 1.61803424e+00, 5.30203533e+00,
            4.78992134e-01, -2.05115974e-01, 2.55544949e+00,
            5.31331396e+00, 4.39005852e+00, 1.87754803e+01,
            1.23082268e+00, -3.84673148e-01, 6.46393967e+00,
            1.10586452e+00, 2.59302631e-02, 2.42842913e+00,
            4.98926908e-01, 3.14766884e-01, 2.39533067e+00,
