{
    "points_3d": {
        "type_id": "opencv-matrix",
        "rows": 235,
        "cols": 1,
        "dt": "3f",
        "data": [ 1.00634050e+00, 3.54141463e-03, -5.17362356e-02,
            1.00214064e+00, -7.17418827e-03, -8.24652538e-02,
            1.00676990e+00, 5.97232906e-03, -4.15243842e-02,
            7.18659580e-01, 9.71546117e-03, 9.08125341e-01,
            7.11734712e-01, 2.44131666e-02, 9.02033150e-01,
            1.00648153e+00, 5.58116473e-03, -3.93325947e-02,
            7.50076532e-01, 2.72549223e-02, 8.11487019e-01,
            6.86295211e-01, 2.39973571e-02, 9.36571419e-01,
            6.91715360e-01, 2.41436828e-02, 9.16834772e-01,
            7.31927216e-01, -3.51783149e-02, 8.72951031e-01,
            2.64689136e+00, 6.41710103e-01, -2.99623823e+00,
            1.00883245e+00, 1.44326985e-02, -1.84670370e-02,
            7.05331743e-01, -3.05122156e-02, 9.16129768e-01,
            1.00324726e+00, -5.30705927e-03, -8.11602622e-02,
            7.01431990e-01, -7.33916983e-02, 9.40121889e-01,
            1.14382553e+01, -2.13094544e+00, -1.98298283e+01,
            1.16161335e+00, 1.93787187e-01, -1.04024017e+00,
            6.91394269e-01, 1.61911864e-02, 9.28361833e-01,
            9.90506113e-01, -2.69096140e-02, -1.43953040e-01,
            8.99747431e-01, -1.01238810e-01, 3.01972806e-01,
            2.79291010e+00, 6.96236968e-01, -2.87753534e+00,
            2.73879170e+00, 6.77708089e-01, -2.79663825e+00,
            9.91116047e-01, -2.63415687e-02, -1.42779648e-01,
            6.81427777e-01, -6.38682321e-02, 9.79360342e-01,
            9.85238075e-01, -3.14312316e-02, -1.50588587e-01,
            6.80531323e-01, 6.53352737e-02, 9.66432452e-01,
            1.00400639e+00, -4.02274681e-03, -2.82287359e-01,
            9.91653085e-01, -2.57036351e-02, -1.40353113e-01,
            9.84164119e-01, -3.36553790e-02, -1.71027005e-01,
            8.48350227e-01, -9.81257409e-02, 4.92317259e-01,
            7.58357942e-01, 1.07172225e-02, 8.00164163e-01,
            9.61299837e-01, -5.23773991e-02, -2.50108629e-01,
            3.31498325e-01, -2.28572831e-01, 2.04038095e+00,
            6.68843746e-01, -6.47967979e-02, 1.00766540e+00,
            -1.12405813e+00, -6.95522666e-01, 5.97023821e+00,
            8.90991509e-01, 5.29944955e-04, 4.68975961e-01,
            7.55204380e-01, -6.15473054e-02, 8.00588787e-01,
            8.92536223e-01, 8.83112922e-02, 4.49052095e-01,
            9.92676437e-01, -2.43327376e-02, -1.36235699e-01,
            9.88047183e-01, -2.78559159e-02, -1.66213855e-01,
            6.40975535e-01, -6.84288219e-02, 1.07567346e+00,
            9.73706663e-01, -3.92353721e-02, -2.18560353e-01,
            9.58883703e-01, -2.33491566e-02, 2.41333842e-01,
            9.60563242e-01, -2.50161830e-02, 2.13168651e-01,
            8.92606318e-01, 8.79460648e-02, 4.48357284e-01,
            9.53146338e-01, -2.88300831e-02, 2.30772644e-01,
            9.93627131e-01, -2.06377879e-02, -1.97616026e-01,
            9.90603268e-01, -2.45997775e-02, -1.81182846e-01,
            6.40233159e-01, -3.83550599e-02, 1.09007084e+00,
            9.23335671e-01, -6.04368821e-02, 2.83593357e-01,
            9.62651312e-01, -4.96424474e-02, -2.47799397e-01,
            1.54485548e+00, 7.84249604e-01, -2.69625711e+00,
            8.61719608e-01, -5.82077503e-02, 5.06371140e-01,
            9.23427999e-01, 4.26795846e-03, 3.75134081e-01,
            8.59062374e-01, -5.84875271e-02, 5.21039367e-01,
            -8.39365646e-02, -5.36176503e-01, 3.51362801e+00,
            9.19836342e-01, 1.83490906e-02, -4.71467108e-01,
            9.70701754e-01, -3.97785343e-02, -2.33061224e-01,
            9.58692312e-01, -3.67759317e-02, 1.90786347e-01,
            9.96128857e-01, -9.41601873e-04, 6.84875995e-02,
            8.15092266e-01, -9.75271612e-02, 5.95870554e-01,
            7.50993848e-01, 4.42192182e-02, 8.03274989e-01,
            -2.74816215e-01, -1.90143123e-01, 3.47372746e+00,
            1.00519609e+00, -3.63682359e-02, -1.19025692e-01,
            5.45096040e-01, 2.00754568e-01, 1.19153810e+00,
            9.65992630e-01, -2.40056291e-02, 1.87800288e-01,
            9.46544290e-01, -1.55988634e-02, 2.78208911e-01,
            9.48072612e-01, 6.67527644e-03, 2.82392472e-01,
            7.57126749e-01, -1.62831753e-01, 7.51564860e-01,
            9.46981132e-01, -1.57929696e-02, 2.74609417e-01,
            1.46767759e+01, 6.28156841e-01, -2.91568508e+01,
            8.75267088e-01, 1.58381224e-01, 5.03438532e-01,
            3.29997277e+00, 1.16118836e+00, -4.71324110e+00,
            9.42162800e+00, -1.62579644e+00, -1.64384346e+01,
            4.38596249e+00, 3.70780975e-01, -7.29510307e+00,
            1.24892211e+00, 3.97421479e-01, -1.70522749e+00,
            9.80669022e-01, -3.88256013e-02, -1.06774792e-01,
            9.36197102e-01, -7.62165114e-02, 2.11031139e-01,
            9.50443208e-01, -3.24322209e-02, 2.29900673e-01,
            9.74473238e-01, -4.28365283e-02, -2.01482579e-01,
            9.05733168e-01, -9.84373689e-02, 2.02482611e-01,
            7.53971338e-01, -5.12744412e-02, 7.98544347e-01,
            9.68876123e-01, -4.72661667e-02, -2.20669940e-01,
            1.03463030e+00, 5.35484850e-02, -5.17572284e-01,
            8.07518780e-01, 1.77099109e-01, 5.39949596e-01,
            6.61076009e-01, 2.03831822e-01, 7.19178557e-01,
            8.61067891e-01, 8.47453400e-02, 5.36707282e-01,
            9.12203550e-01, -9.28747356e-02, 1.72798157e-01,
            1.53579164e+00, 8.06934178e-01, -2.87031770e+00,
            1.26883054e+00, 3.81851286e-01, -1.61754656e+00,
            9.34408665e-01, -7.61955529e-02, 2.12128341e-01,
            1.01483846e+00, 2.48549599e-02, -3.99012357e-01,
            9.82881486e-01, 4.98079993e-02, 2.21616000e-01,
            7.18542159e-01, 5.66374883e-02, 9.12052691e-01,
            8.56712282e-01, 1.60309836e-01, 5.53512931e-01,
            9.05397236e-01, 5.30106947e-02, 4.12435502e-01,
            1.00646794e+00, 9.10730474e-03, -3.24064821e-01,
            -2.34965973e+01, 5.91111183e+00, 5.03064537e+01,
            9.28094923e-01, -2.67139007e-03, -4.23952430e-01,
            9.44064736e-01, 5.77514991e-02, 2.98783064e-01,
            9.70759034e-01, -2.80183535e-02, -2.64881998e-01,
            9.63485599e-01, -5.37046567e-02, -4.64662835e-02,
            9.81476605e-01, 6.70787543e-02, 2.45950997e-01,
            8.96382868e-01, 6.29322454e-02, 4.38827544e-01,
            3.64008522e+00, 2.30114841e+00, -1.11162500e+01,
            7.72348225e-01, 1.64902180e-01, 5.84051311e-01,
            9.60402966e-01, -1.60412416e-02, 2.17861429e-01,
            9.99952018e-01, -3.71511374e-03, 2.07682308e-02,
            7.11788535e-01, 5.98412491e-02, 9.38256860e-01,
            9.60430861e-01, -1.56134367e-02, 2.20842808e-01,
            8.70080233e-01, 8.25963616e-02, 4.89323229e-01,
            4.17906940e-01, 4.13362712e-01, -1.73929739e+00,
            -1.60176253e+00, 1.56663299e-01, 5.97284651e+00,
            9.64960098e-01, -5.16807735e-02, -5.24091646e-02,
            9.95500684e-01, -2.29694229e-02, -1.97456181e-02,
            3.69377160e+00, 2.24465418e+00, -1.09556885e+01,
            9.88095403e-01, -3.01063415e-02, -1.50909126e-01,
            1.77018392e+00, 1.04431093e+00, -3.40064859e+00,
            2.76080441e+00, 9.18801129e-01, -4.60735130e+00,
            9.77150381e-01, 2.12622359e-02, -3.59981894e-01,
            8.94502819e-01, -1.16779339e-02, 4.41300571e-01,
            9.44642603e-01, 9.89905819e-02, 3.19818765e-01,
            8.69756520e-01, -1.18072383e-01, 3.44861448e-01,
            9.45085168e-01, 9.80537906e-02, 3.16744119e-01,
            -1.70000851e-01, -2.27620870e-01, 3.07439613e+00,
            6.79559112e-01, 1.54415801e-01, 6.97733641e-01,
            9.60242569e-01, 2.04051454e-02, 2.42531642e-01,
            9.95403647e-01, -2.50707269e-02, -4.15003225e-02,
            9.98515308e-01, -1.53147671e-02, -1.09829672e-01,
