{
    "points_3d": {
        "type_id": "opencv-matrix",
        "rows": 380,
        "cols": 1,
        "dt": "3f",
        "data": [ 1.08039117e+00, 1.72868609e-01, 3.09869230e-01,
            1.07581341e+00, 1.70398235e-01, 3.13507438e-01,
            6.65228486e-01, 6.60619661e-02, 1.24662483e+00,
            6.52136326e-01, 8.62670466e-02, 1.25565612e+00,
            1.07235730e+00, 1.64400503e-01, 3.08096826e-01,
            6.91822112e-01, 9.29174870e-02, 1.17322791e+00,
            6.26330733e-01, 8.42714980e-02, 1.27423453e+00,
            6.30906940e-01, 8.49960148e-02, 1.25589669e+00,
            6.89460456e-01, 7.78940041e-03, 1.16210508e+00,
            1.07725000e+00, 1.87071428e-01, 3.53370249e-01,
            6.60741091e-01, 1.35692265e-02, 1.20124412e+00,
            1.08587027e+00, 1.68032497e-01, 2.82706022e-01,
            6.72724903e-01, -3.75919528e-02, 1.16056383e+00,
            -3.22965088e+01, 6.58370972e+00, 6.62862854e+01,
            8.72341454e-01, -1.39923722e-01, 4.67655838e-01,
            6.33231938e-01, 7.40701854e-02, 1.26095319e+00,
            1.10068560e+00, 1.39045194e-01, 2.91793317e-01,
            8.48011851e-01, -1.08952448e-01, 6.57460153e-01,
            1.09895611e+00, 1.43300951e-01, 2.75075376e-01,
            6.52120829e-01, -2.61397325e-02, 1.19919753e+00,
            6.09942257e-01, 1.41102657e-01, 1.35515034e+00,
            1.10023010e+00, 1.44560575e-01, 2.80465215e-01,
            8.03474784e-01, -8.26983005e-02, 7.92066872e-01,
            7.02680767e-01, 7.03235939e-02, 1.15717304e+00,
            5.61365247e-01, -1.25751883e-01, 1.38058054e+00,
            6.42141342e-01, -2.68528461e-02, 1.21618938e+00,
            2.87958473e-01, -2.26310983e-01, 2.01281404e+00,
            8.59758377e-01, 6.41681030e-02, 8.09186876e-01,
            7.17718422e-01, -2.51058601e-02, 1.06440902e+00,
            8.59964311e-01, 2.03599736e-01, 7.96177804e-01,
            1.07663441e+00, 1.26478359e-01, 2.08012521e-01,
            8.87657225e-01, -1.22619964e-01, 4.55722868e-01,
            6.21156871e-01, -3.01802997e-02, 1.25772119e+00,
            9.53756630e-01, 2.82222908e-02, 4.97149557e-01,
            8.59949708e-01, 2.03171879e-01, 7.95753956e-01,
            9.43926692e-01, 2.14071851e-02, 4.83512282e-01,
            8.89081836e-01, -1.20579727e-01, 4.46263224e-01,
            8.87597263e-01, -1.19963959e-01, 4.61847603e-01,
            1.09358323e+00, 9.88075584e-02, 1.98061556e-01,
            8.22393894e-01, -2.49251388e-02, 8.22993398e-01,
            9.03083205e-01, 7.31636658e-02, 6.99912310e-01,
            8.21462750e-01, -2.47744229e-02, 8.29580665e-01,
            5.99950433e-01, -1.82887763e-01, 1.26988173e+00,
            9.61659133e-01, 4.15319093e-02, -2.62129396e-01,
            9.50805426e-01, 8.44810531e-03, 4.26889151e-01,
            1.01906526e+00, 8.77447948e-02, 3.57679784e-01,
            7.74299204e-01, -7.53360167e-02, 8.66382539e-01,
            6.89153731e-01, 1.17499962e-01, 1.17950881e+00,
            2.75995433e-01, -8.78392607e-02, 2.03505468e+00,
            6.37267411e-01, -8.23705085e-03, 1.24023604e+00,
            9.62579072e-01, 3.03104725e-02, 4.43035513e-01,
            9.35130537e-01, 4.27695252e-02, 5.62003791e-01,
            9.37807322e-01, 8.01130161e-02, 5.72811067e-01,
            7.36729383e-01, -1.41006127e-01, 9.17269528e-01,
            9.35606182e-01, 4.25407849e-02, 5.57417691e-01,
            8.27973008e-01, 3.27650577e-01, 9.35415268e-01,
            -3.91905174e+01, 7.43343210e+00, 8.21467743e+01,
            1.02594080e+01, 1.31945288e+00, -2.08333950e+01,
            9.06429946e-01, -6.66574091e-02, 5.20814657e-01,
            9.39733446e-01, 1.55395726e-02, 4.75729585e-01,
            1.17078602e+00, 1.84991598e-01, 4.27002311e-01,
            8.10498595e-01, -1.45623654e-01, 6.98522925e-01,
            7.10204184e-01, -1.27591072e-02, 1.08925688e+00,
            1.16473401e+00, 1.72178328e-01, 4.07998800e-01,
            8.08812618e-01, -1.47097036e-01, 7.04878807e-01,
            6.59866929e-01, -2.96343029e-01, 1.10318029e+00,
            9.77033019e-01, 1.47634568e-02, -1.31320938e-01,
            9.03797507e-01, -6.57998547e-02, 5.16942978e-01,
            9.36647892e-01, -8.91728997e-02, 3.22085768e-01,
            9.96238291e-01, 1.81739897e-01, 6.12889230e-01,
            8.79317284e-01, 1.47481546e-01, 7.30847776e-01,
            9.38346148e-01, -8.66680965e-02, 2.96726257e-01,
            -3.69484782e+00, 1.14839208e+00, 1.01029930e+01,
            9.33102787e-01, 1.62860453e-01, 5.87256014e-01,
            8.49294960e-01, -1.36971965e-01, 5.66208065e-01,
            9.94790971e-01, 2.18104944e-01, 6.69313550e-01,
            8.66588593e-01, 1.62345350e-01, 7.70294964e-01,
            9.54490066e-01, 4.36837003e-02, 4.88143623e-01,
            1.03058171e+00, 9.03586522e-02, 3.04305851e-01,
            9.55147803e-01, 4.40328978e-02, 4.82683897e-01,
            8.31494927e-01, 1.88302889e-01, 8.24967563e-01,
            8.48989069e-01, -1.34777471e-01, 5.80539227e-01,
            1.01806688e+00, 4.15517800e-02, 2.20773101e-01,
            1.01480830e+00, 2.15433128e-02, 4.30707559e-02,
            1.30114257e+00, 5.15768230e-01, -1.61244786e+00,
            3.26619363e+00, 1.36299384e+00, -6.26699400e+00,
            9.90864277e-01, 1.88064168e-03, -7.43900388e-02,
            8.64577532e-01, 4.55372147e-02, 7.61636257e-01,
            9.32433963e-01, 2.41846830e-01, 6.66804552e-01,
            7.98517883e-01, -1.37159139e-01, 7.22690463e-01,
            9.33156133e-01, 2.39857674e-01, 6.59815967e-01,
            2.88956493e-01, -1.17559314e-01, 1.92711890e+00,
            9.56143498e-01, 1.05041571e-01, 5.17724574e-01,
            1.01966536e+00, 3.72986160e-02, 1.94124475e-01,
            1.09001637e+00, 1.56893954e-01, 2.63326883e-01,
            1.01275146e+00, 1.43978065e-02, 8.93735439e-02,
            1.00905621e+00, 1.70531765e-01, 5.65181911e-01,
            8.10023904e-01, -1.58610508e-01, 6.61201656e-01,
            8.40564489e-01, -1.59415171e-01, 5.68876863e-01,
            7.84467638e-01, 1.78477675e-01, 9.71040189e-01,
            9.07792568e-01, 1.22396633e-01, 6.38500690e-01,
            8.60809326e-01, 2.61464417e-01, 8.51655543e-01,
            7.74497688e-01, -1.34584725e-01, 8.20663095e-01,
            9.31123316e-01, 1.25714615e-01, 5.74322879e-01,
            -2.81418657e+00, 6.98719978e-01, 8.51944542e+00,
            7.33561039e-01, -9.07110199e-02, 9.62669075e-01,
            7.88752139e-01, -1.44286975e-01, 7.67046154e-01,
            9.87659812e-01, 2.27454002e-03, 3.23254585e-01,
            7.28670359e-01, -9.25801322e-02, 9.81515527e-01,
            9.03825939e-01, 6.18616752e-02, 6.83019161e-01,
            9.25677240e-01, 1.13875292e-01, 5.81847727e-01,
            1.02018642e+00, 3.52122597e-02, 1.62953630e-01,
            3.86985153e-01, -4.00496349e-02, 1.77287722e+00,
            8.67946804e-01, -2.28223111e-02, 6.60324574e-01,
            7.34230399e-01, 2.34980956e-01, 8.46396804e-01,
            8.69003952e-01, -1.19288594e-01, 5.58544457e-01,
            9.34278131e-01, -8.71301293e-02, 3.50538790e-01,
            9.34623718e-01, 1.34426758e-01, 5.73065162e-01,
            9.33896959e-01, 9.23396572e-02, 6.05568886e-01,
            9.92720366e-01, 2.93079261e-02, 3.56126785e-01,
            9.49188054e-01, 3.16128992e-02, 4.78088111e-01,
            1.00738418e+00, 1.14391416e-01, 4.73942161e-01,
            1.05259764e+00, 1.75174177e-01, 4.29428458e-01,
            8.78285050e-01, 2.36874759e-01, 8.04141879e-01,
            5.17571807e-01, -1.80536076e-01, 1.46537411e+00,
            1.01292396e+00, 1.89259738e-01, 5.78507543e-01,
            7.92772412e-01, -5.55091128e-02, 8.64638746e-01,
            4.84387338e-01, 2.84750253e-01, 1.16646981e+00,
            1.02117097e+00, 3.23174149e-02, -4.21320610e-02,
            -9.77130234e-01, 3.84920001e-01, 4.79816580e+00,
