{
    "points_3d": {
        "type_id": "opencv-matrix",
        "rows": 202,
        "cols": 1,
        "dt": "3f",
        "data": [ -2.07434845e+00, 3.13946277e-01, 4.51788712e+00,
            2.15539074e+00, 1.06162143e+00, 4.64057541e+00,
            4.10074025e-01, 1.19559459e-01, 8.41612220e-01,
            2.13046598e+00, 1.04576075e+00, 4.57232618e+00,
            2.09169102e+00, 1.05754650e+00, 4.61300707e+00,
            -1.56248927e-01, -9.98609215e-02, 4.40672541e+00,
            -1.56247273e-01, -3.24500203e-01, 4.39670372e+00,
            -1.64909869e-01, -3.30995619e-01, 4.40816641e+00,
            -1.59310818e-01, -5.25651395e-01, 4.42235470e+00,
            -2.59483695e-01, -1.83012933e-01, 4.37690496e+00,
            -2.26291105e-01, -3.47025603e-01, 4.35461378e+00,
            3.90827447e-01, -1.44580126e+00, 4.33695030e+00,
            -1.57176450e-01, 1.03554025e-01, 4.28991413e+00,
            -1.54517755e-01, 7.91340470e-02, 4.27264309e+00,
            -2.30302006e-01, -4.63729650e-01, 4.37554359e+00,
            -1.02477416e-01, -4.19144303e-01, 4.44378757e+00,
            4.93292272e-01, -5.23835942e-02, 4.52181721e+00,
            8.78005981e-01, -4.58912671e-01, 4.52577972e+00,
            -1.58586219e-01, -2.47034058e-01, 4.32820797e+00,
            -1.61896288e-01, -9.04551804e-01, 4.42923784e+00,
            3.79436389e-02, -1.06639135e+00, 4.32644176e+00,
            -1.20685354e-05, -4.72171992e-01, 4.44562721e+00,
            -1.63455591e-01, 7.13906949e-03, 4.24274683e+00,
            -6.29011512e-01, -1.06308556e+00, 4.37743616e+00,
            -9.20939863e-01, 3.61698478e-01, 4.18823481e+00,
            1.24430406e+00, -1.05170703e+00, 4.75379419e+00,
            -3.38582337e-01, -1.07319200e+00, 4.35492754e+00,
            -6.45988658e-02, 9.75955904e-01, 3.07725072e+00,
            9.29895222e-01, 9.59426984e-02, 4.44559813e+00,
            3.99187744e-01, 9.10324454e-01, 3.20777559e+00,
            -2.83372343e-01, -4.92793441e-01, 4.37268400e+00,
            1.32201564e+00, -3.47585738e-01, 4.74004316e+00,
            -1.70404464e-01, -7.26989627e-01, 4.46442175e+00,
            -4.70229834e-01, -7.44758904e-01, 4.33122301e+00,
            -3.93048346e-01, -6.13853335e-01, 4.38367224e+00,
            -1.80996394e+00, -1.48217201e-01, 4.56729269e+00,
            -1.02920949e+00, 5.36474586e-02, 4.46360636e+00,
            -1.63717479e-01, -5.68920076e-01, 4.39922571e+00,
            -3.99360031e-01, -6.18833959e-01, 4.40315819e+00,
            9.76012409e-01, 2.35011265e-01, 4.45187092e+00,
            -2.00747108e+00, 3.27131987e-01, 4.56627321e+00,
            -4.71115261e-01, 9.80802476e-02, 4.36842585e+00,
            3.65332812e-01, 5.39187729e-01, 3.27511406e+00,
            1.63857445e-01, 9.38488171e-02, 4.40019560e+00,
            -1.03914607e+00, 3.45209152e-01, 4.17957115e+00,
            -7.31432617e-01, 5.36150157e-01, 4.11087084e+00,
            -1.31143451e+00, -1.74640030e-01, 4.47659349e+00,
            1.60994038e-01, -3.31819862e-01, 4.41514397e+00,
            1.02718487e-01, -1.09474766e+00, 4.33296633e+00,
            -2.11499929e+00, -1.07278490e+00, 4.61314249e+00,
            5.73363125e-01, -5.91830671e-01, 4.47863531e+00,
            -2.14387369e+00, 3.18662554e-01, 4.47793341e+00,
            -1.02230906e-03, 1.12280153e-01, 4.32699776e+00,
            3.63278717e-01, 9.42338407e-01, 3.21025729e+00,
            -4.45858508e-01, 6.48481131e-01, 5.01608801e+00,
            3.52739245e-01, 1.05834194e-01, 4.51394033e+00,
            1.59602559e+00, 2.99831718e-01, 4.67265463e+00,
            6.31150082e-02, 5.40997386e-01, 4.14524794e+00,
            4.32322025e-01, 8.71503472e-01, 3.25530386e+00,
            3.98897290e-01, 4.40563589e-01, 4.22519541e+00,
            1.64088145e-01, -5.35739474e-02, 4.40106487e+00,
            6.98223829e-01, 3.89714718e-01, 4.24983454e+00,
            -1.74160838e+00, -5.21030501e-02, 4.57305241e+00,
            1.60238802e+00, 1.06562600e-02, 4.73525620e+00,
            -2.09941292e+00, -1.06662512e+00, 4.59010696e+00,
            9.08269838e-04, 1.09744787e-01, 4.31754017e+00,
            9.18295383e-01, 3.24387491e-01, 4.25732136e+00,
            1.74630299e-01, -1.08525908e+00, 4.33029032e+00,
            -8.26345205e-01, -8.80583584e-01, 4.42781210e+00,
            -1.75591981e+00, -4.60981876e-02, 4.59728479e+00,
            3.48959804e-01, 3.92407954e-01, 4.23253441e+00,
            -4.74486619e-01, -5.42076975e-02, 4.37455463e+00,
            -8.52678359e-01, 3.24226260e-01, 4.18131971e+00,
            1.59409091e-01, -4.24420476e-01, 4.40129757e+00,
            -1.31230044e+00, 3.91309977e-01, 4.13603640e+00,
            9.04384315e-01, 2.55146116e-01, 4.38915777e+00,
            3.61394316e-01, 9.46729362e-01, 3.21928692e+00,
            5.95584750e-01, -5.60775876e-01, 4.59513569e+00,
            5.11747658e-01, -1.40478775e-01, 4.52152681e+00,
            3.16556215e-01, 9.19338107e-01, 3.20378828e+00,
            5.11555910e-01, -1.36652380e-01, 4.52436686e+00,
            5.62903762e-01, 3.21835011e-01, 4.24531555e+00,
            4.97172207e-01, 2.81771999e-02, 4.52160645e+00,
            5.11122882e-01, 3.87200892e-01, 4.24455500e+00,
            -1.03105628e+00, 4.30466771e-01, 4.15979671e+00,
            -1.98795414e+00, 3.73283327e-01, 4.54589653e+00,
            1.05305743e+00, 3.89204234e-01, 4.26256323e+00,
            -8.00579846e-01, -1.18710391e-01, 4.43394470e+00,
            -1.70448887e+00, -1.96751192e-01, 4.59737492e+00,
            7.99629569e-01, 3.99823159e-01, 4.25754738e+00,
            -1.93337238e+00, -8.02676499e-01, 4.57566690e+00,
            -1.26625049e+00, 2.30976969e-01, 4.29721642e+00,
            1.33887720e+00, -1.51407480e+00, 4.76947498e+00,
            5.06347418e-01, 3.68713319e-01, 4.23647690e+00,
            -2.08185887e+00, -5.41431785e-01, 4.58408689e+00,
            1.34196174e+00, -1.52287042e+00, 4.80821180e+00,
            3.41109931e-01, -3.25712055e-01, 4.52884769e+00,
            -2.07237554e+00, 4.03063774e-01, 4.56384277e+00,
            5.60702860e-01, -6.57381296e-01, 4.49894381e+00,
            1.82273313e-02, 5.76382399e-01, 4.16691589e+00,
            1.53683454e-01, 3.81458223e-01, 4.21719408e+00,
            1.88324702e+00, -2.35721841e-01, 4.75539017e+00,
            -1.74025011e+00, 1.58638000e-01, 4.58740377e+00,
            8.52046534e-02, -2.74532378e-01, 4.40758801e+00,
            3.97327632e-01, 4.96649951e-01, 3.23525381e+00,
            -8.05462480e-01, -1.22802466e-01, 4.44313478e+00,
            3.93405497e-01, 5.03440201e-01, 3.25600290e+00,
            -1.74012887e+00, -5.12569211e-02, 4.57061434e+00,
            -8.26976359e-01, -7.97720492e-01, 4.31938267e+00,
            -1.74107683e+00, 1.61106125e-01, 4.58241463e+00,
            1.30164206e-01, -1.08363342e+00, 4.33067083e+00,
            4.22189415e-01, 8.85036409e-01, 3.22747707e+00,
            7.46337026e-02, 3.88375193e-01, 4.22935724e+00,
            1.75083899e+00, 2.65063345e-01, 4.71170425e+00,
            -9.42943633e-01, 3.16630751e-01, 4.17150640e+00,
            1.82440317e+00, 8.02915871e-01, 4.69671917e+00,
            5.76311111e-01, -7.01283097e-01, 4.45054054e+00,
            1.62576526e-01, -1.46493077e-01, 4.42268276e+00,
            -8.53254914e-01, -6.89613223e-01, 4.34433556e+00,
            -7.09717393e-01, -1.01742959e+00, 4.44934559e+00,
            1.04316056e+00, -6.65669918e-01, 4.73423529e+00,
            1.48621470e-01, 4.87077028e-01, 4.22710323e+00,
            -4.09716368e-01, -1.49046588e+00, 4.31951475e+00,
            -8.57546274e-03, 3.88797373e-01, 4.21896172e+00,
            1.59498477e+00, 1.99628830e-01, 4.72195864e+00,
            -2.01384261e-01, 3.46636504e-01, 4.20316076e+00,
            1.61339104e+00, -5.59008896e-01, 4.75598574e+00,
            -2.06075120e+00, 4.02415276e-01, 4.54651356e+00,
            2.09277138e-01, 3.21568847e-01, 4.22873640e+00,
