{
    "points_3d": {
        "type_id": "opencv-matrix",
        "rows": 1287,
        "cols": 1,
        "dt": "3f",
        "data": [ -2.14245915e+00, -9.32184979e-03, 4.38267040e+00,
            -2.16406417e+00, 8.76644433e-01, 4.25375795e+00,
            -2.12814689e+00, 9.94982570e-03, 4.38130617e+00,
            -2.12573528e+00, -1.84704572e-01, 4.37186050e+00,
            -2.12226439e+00, 9.37971398e-02, 4.37220573e+00,
            -2.12290406e+00, 1.85098961e-01, 4.36038733e+00,
            -2.10733986e+00, 1.07486591e-01, 4.37086487e+00,
            -2.10078049e+00, -3.66378576e-01, 4.39050961e+00,
            -2.08938074e+00, -3.13903302e-01, 4.39495373e+00,
            -2.08628106e+00, -6.43569589e-01, 4.39119339e+00,
            -2.08195210e+00, -6.58482730e-01, 4.40198612e+00,
            -2.09111571e+00, 3.46470654e-01, 4.33908844e+00,
            -2.07865381e+00, 1.16020121e-01, 4.36361790e+00,
            -2.07437563e+00, 1.37752414e-01, 4.36583614e+00,
            -2.06479216e+00, -2.28976339e-01, 4.39229488e+00,
            -2.06204796e+00, -5.67115664e-01, 4.39892673e+00,
            -2.06669092e+00, 2.40050241e-01, 4.35789824e+00,
            -2.06759238e+00, 2.78960705e-01, 4.35154867e+00,
            -2.06640530e+00, 2.38833800e-01, 4.35473871e+00,
            -2.05333543e+00, -2.42329299e-01, 4.38803244e+00,
            -2.05778170e+00, 3.75741750e-01, 4.35369015e+00,
            -2.05416298e+00, 2.08379865e-01, 4.35662746e+00,
            -2.05420351e+00, 3.58898848e-01, 4.35567570e+00,
            -2.04835439e+00, 3.90880704e-01, 4.35399723e+00,
            -2.04362202e+00, 5.54821432e-01, 4.34228230e+00,
            -2.04362202e+00, 5.54821432e-01, 4.34228230e+00,
            -2.02915859e+00, -3.39252532e-01, 4.39516401e+00,
            -2.03150177e+00, 4.46046054e-01, 4.34884644e+00,
            -2.02459002e+00, 1.63357586e-01, 4.36380434e+00,
            -2.02459002e+00, 1.63357586e-01, 4.36380434e+00,
            -2.02254033e+00, 4.75885212e-01, 4.34566355e+00,
            -2.00594997e+00, -3.04205447e-01, 4.39678764e+00,
            -2.00720477e+00, -1.86958045e-01, 4.38556623e+00,
            -2.00720477e+00, -1.86958045e-01, 4.38556623e+00,
            -2.00454545e+00, -4.85310853e-01, 4.39257479e+00,
            -2.03082156e+00, 8.88128519e-01, 4.26770306e+00,
            -2.00187325e+00, -6.62890077e-01, 4.39896774e+00,
            -1.99743307e+00, 1.06352627e-01, 4.37252426e+00,
            -2.03954530e+00, 1.95621461e-01, 4.16650724e+00,
            -1.99984348e+00, 2.09255695e-01, 4.35558987e+00,
            -1.98954296e+00, 1.84282750e-01, 4.36148167e+00,
            -1.98903573e+00, 1.81322217e-01, 4.35408401e+00,
            -1.98888171e+00, 2.37375453e-01, 4.35302496e+00,
            -1.96177769e+00, -6.61931694e-01, 4.40284586e+00,
            -1.96822870e+00, 1.09771371e-01, 4.36968708e+00,
            -1.94295859e+00, -7.76300192e-01, 4.41387796e+00,
            -1.95742750e+00, 4.50606883e-01, 4.34910822e+00,
            -1.93884587e+00, -7.94829190e-01, 4.41544342e+00,
            -1.93447769e+00, -4.91087049e-01, 4.40305901e+00,
            -1.93915808e+00, 7.34564364e-02, 4.37618685e+00,
            -1.94242525e+00, 2.29168028e-01, 4.36132669e+00,
            -1.92105305e+00, -7.59933293e-01, 4.42045975e+00,
            -1.92092025e+00, -7.58655250e-01, 4.41734552e+00,
            -1.92431736e+00, 8.69667828e-02, 4.36660576e+00,
            -1.91417038e+00, -4.16410238e-01, 4.40206814e+00,
            -1.91236365e+00, -3.67050320e-01, 4.40511131e+00,
            -1.92383718e+00, 7.30105698e-01, 4.34334326e+00,
            -1.91682220e+00, 5.14724791e-01, 4.34797335e+00,
            -1.90648210e+00, 8.95751566e-02, 4.37198830e+00,
            -1.88239801e+00, -2.96318531e-01, 4.39571190e+00,
            -1.88130128e+00, -1.27798527e-01, 4.38742018e+00,
            -1.87373090e+00, -7.51879692e-01, 4.41757870e+00,
            -1.88023579e+00, -2.75228471e-02, 4.38435841e+00,
            -1.87492228e+00, -3.67207021e-01, 4.40253067e+00,
            -1.87492228e+00, -3.67207021e-01, 4.40253067e+00,
            -1.88150525e+00, 7.36396134e-01, 4.34240055e+00,
            -1.85709953e+00, -7.58380294e-01, 4.41786098e+00,
            -1.85717189e+00, -7.78112113e-01, 4.41733789e+00,
            -1.86073005e+00, -1.15839608e-01, 4.38788128e+00,
            -1.85493207e+00, 1.03019796e-01, 4.36884356e+00,
            -1.84200656e+00, -7.06790388e-01, 4.41587210e+00,
            -1.83626032e+00, -6.36608541e-01, 4.40948009e+00,
            -1.84394240e+00, 1.18247010e-01, 4.37377644e+00,
            -1.84394240e+00, 1.18247010e-01, 4.37377644e+00,
            -1.82029617e+00, -7.62405574e-01, 4.41976213e+00,
            -1.82711887e+00, -3.39912981e-01, 4.39048958e+00,
            -1.82451653e+00, 2.60632932e-01, 4.37414026e+00,
            -1.81829417e+00, -3.58636379e-01, 4.39099550e+00,
            -1.80870807e+00, -3.44110072e-01, 4.39807177e+00,
            -1.80080867e+00, -7.82620549e-01, 4.41484451e+00,
            -1.80074394e+00, 1.56943813e-01, 4.37590885e+00,
            -1.80074394e+00, 1.56943813e-01, 4.37590885e+00,
            -1.79489625e+00, -9.50726960e-03, 4.39171505e+00,
            -1.78692973e+00, -8.19384873e-01, 4.41507053e+00,
            -1.78593218e+00, 1.00561537e-01, 4.38894176e+00,
            -1.78624821e+00, 5.90210617e-01, 4.35794067e+00,
            -1.76716363e+00, -5.01111984e-01, 4.40951395e+00,
            -1.76257324e+00, -6.53352141e-01, 4.41781139e+00,
            -1.75620306e+00, -6.38051510e-01, 4.41592026e+00,
            -1.75884998e+00, -3.33933800e-01, 4.39609766e+00,
            -1.75244033e+00, -3.64476472e-01, 4.40750027e+00,
            -1.76273704e+00, 2.87843227e-01, 4.36950874e+00,
            -1.75885892e+00, 4.47347909e-01, 4.37011719e+00,
            -1.78204525e+00, 8.71063590e-01, 4.27536297e+00,
            -1.74023426e+00, -6.62850142e-01, 4.41040182e+00,
            -1.74518216e+00, 3.94380629e-01, 4.36070013e+00,
            -1.74361491e+00, 4.96277541e-01, 4.36457300e+00,
            -1.72880030e+00, -2.96762586e-01, 4.39945936e+00,
            -1.70191681e+00, -6.68042898e-01, 4.42344952e+00,
            -1.70288181e+00, -3.49354893e-01, 4.40131187e+00,
            -1.69524360e+00, -1.96707919e-01, 4.40424633e+00,
            -1.69912827e+00, 5.71663141e-01, 4.37241411e+00,
            -1.68968141e+00, -2.95656741e-01, 4.40365171e+00,
            -1.69557118e+00, 2.16957331e-01, 4.37740326e+00,
            -1.67769217e+00, -6.58393145e-01, 4.42823505e+00,
            -1.69749451e+00, 7.37593114e-01, 4.35083246e+00,
            -1.66826117e+00, 1.24251945e-02, 4.37855101e+00,
            -1.66826117e+00, 1.24251945e-02, 4.37855101e+00,
            -1.66030681e+00, -1.18210621e-01, 4.40128660e+00,
            -1.67479825e+00, 6.48598850e-01, 4.34936142e+00,
            -1.67479825e+00, 6.48598850e-01, 4.34936142e+00,
            -1.65778148e+00, 1.01817846e-02, 4.38801861e+00,
            -1.65113103e+00, 1.84463739e-01, 4.38191843e+00,
            -1.64470518e+00, -4.15078342e-01, 4.40307808e+00,
            -1.67599273e+00, 8.63875866e-01, 4.28792620e+00,
            -1.65166724e+00, 1.81559950e-01, 4.36503887e+00,
            -1.63335156e+00, -5.02502501e-01, 4.41520643e+00,
            -1.63335156e+00, -5.02502501e-01, 4.41520643e+00,
            -1.65021181e+00, 5.65908015e-01, 4.35461950e+00,
            -1.63105106e+00, -3.71176839e-01, 4.40059519e+00,
            -1.63105106e+00, -3.71176839e-01, 4.40059519e+00,
            -1.63280511e+00, -2.67251939e-01, 4.39409494e+00,
            -1.63499510e+00, 3.62120271e-01, 4.37548637e+00,
            -1.62101293e+00, 2.81112880e-01, 4.38345432e+00,
            -1.61244714e+00, -4.91735309e-01, 4.41257095e+00,
            -1.61382139e+00, -3.86478961e-01, 4.40007257e+00,
            -1.62153506e+00, 2.60360122e-01, 4.37009192e+00,
            -1.61085510e+00, -3.73061299e-02, 4.39920425e+00,
