{
    "points_3d": {
        "type_id": "opencv-matrix",
        "rows": 164,
        "cols": 1,
        "dt": "3f",
        "data": [ -1.99458647e+00, -8.60294998e-01, 3.79045916e+00,
            -2.02370262e+00, -8.80573988e-01, 3.89250779e+00,
            -2.05446291e+00, -9.01829481e-01, 4.00029373e+00,
            -2.88311982e+00, 1.17433202e+00, 6.62715340e+00,
            -2.85406971e+00, 2.94300944e-01, 6.75030518e+00,
            -2.78635716e+00, 1.44235826e+00, 6.60478640e+00,
            -2.36767268e+00, -2.33945787e-01, 5.22636604e+00,
            -2.36767268e+00, -2.33945787e-01, 5.22636604e+00,
            -2.76114941e+00, 1.01605260e+00, 6.61929035e+00,
            -2.77385068e+00, 7.79304922e-01, 6.69294262e+00,
            -2.78324103e+00, 7.83067226e-01, 6.72704744e+00,
            -2.75359011e+00, 8.32720160e-01, 6.66181564e+00,
            -2.63312721e+00, 1.26062965e+00, 6.58854628e+00,
            -2.63312721e+00, 1.26062965e+00, 6.58854628e+00,
            -2.51650071e+00, 1.43885016e+00, 6.41885519e+00,
            -2.50781989e+00, 1.28460908e+00, 6.51229620e+00,
            -2.47552299e+00, 8.69590759e-01, 6.52331734e+00,
            -2.47074008e+00, 1.04755414e+00, 6.52252007e+00,
            -2.47860956e+00, 7.44361579e-01, 6.54330587e+00,
            -2.48459935e+00, 4.97109830e-01, 6.57688379e+00,
            -2.46369290e+00, 9.86714303e-01, 6.52303028e+00,
            -2.46639323e+00, 9.88095820e-01, 6.53464079e+00,
            -2.46794438e+00, 6.20209157e-01, 6.53952074e+00,
            -2.52033567e+00, -1.27936375e+00, 6.70000648e+00,
            -2.47355556e+00, -5.24926424e-01, 6.61422682e+00,
            -2.45630264e+00, -3.50713283e-02, 6.58797216e+00,
            -2.41176963e+00, 1.07616103e+00, 6.47104692e+00,
            -2.47141290e+00, -8.02283704e-01, 6.63336325e+00,
            -2.49179125e+00, -1.53236783e+00, 6.71125364e+00,
            -2.46926022e+00, -1.28049314e+00, 6.66854239e+00,
            -2.48281217e+00, -2.01004767e+00, 6.75091743e+00,
            -2.42768073e+00, -5.22048175e-01, 6.60369873e+00,
            -2.46053243e+00, -1.73837209e+00, 6.71206951e+00,
            -2.33132744e+00, 1.37622499e+00, 6.36641502e+00,
            -2.43512416e+00, -1.92253458e+00, 6.67869806e+00,
            -2.38006926e+00, -7.15494752e-02, 6.53733110e+00,
            -2.39467597e+00, -7.99017966e-01, 6.59191513e+00,
            -2.28480911e+00, 1.43286872e+00, 6.32052422e+00,
            -2.28753638e+00, 1.32010806e+00, 6.39248371e+00,
            -2.19853330e+00, -4.85879242e-01, 6.47083902e+00,
            -2.01122427e+00, 6.73440754e-01, 6.28037691e+00,
            -2.01122427e+00, 6.73440754e-01, 6.28037691e+00,
            -2.05386066e+00, -7.61735022e-01, 6.41046476e+00,
            -2.01275444e+00, 5.67094862e-01, 6.29681587e+00,
            -2.01275444e+00, 5.67094862e-01, 6.29681587e+00,
            -1.87652886e+00, -1.85054934e+00, 6.39537716e+00,
            -1.87652886e+00, -1.85054934e+00, 6.39537716e+00,
            -1.85928929e+00, -1.47822297e+00, 6.38201714e+00,
            -1.75800633e+00, -3.33596282e-02, 6.19365311e+00,
            -1.74226034e+00, 3.40174437e-01, 6.16493797e+00,
            -1.73377550e+00, 2.96777070e-01, 6.15824509e+00,
            -1.55168402e+00, 6.97372735e-01, 5.53553820e+00,
            -1.71531987e+00, 2.73243070e-01, 6.15806055e+00,
            -1.73650253e+00, -1.11894786e+00, 6.29830360e+00,
            -1.11968839e+00, 1.15132594e+00, 4.07107925e+00,
            -1.73629880e+00, -1.47859740e+00, 6.30766487e+00,
            -1.54755461e+00, 5.58699310e-01, 5.64388895e+00,
            -6.17279232e-01, -3.94432008e-01, 2.25069046e+00,
            -1.52214253e+00, 5.91484904e-01, 5.63995886e+00,
            -1.02423918e+00, 1.24109066e+00, 3.81320977e+00,
            -1.63712752e+00, -2.40408510e-01, 6.14496613e+00,
            -1.63712752e+00, -2.40408510e-01, 6.14496613e+00,
            -1.64138103e+00, -7.44105756e-01, 6.19014120e+00,
            -1.45374477e+00, -6.81406707e-02, 5.62968779e+00,
            -1.59434497e+00, -1.48376036e+00, 6.21726274e+00,
            -1.59434497e+00, -1.48376036e+00, 6.21726274e+00,
            -1.38035095e+00, 6.46538556e-01, 5.40479088e+00,
            -1.38330841e+00, 6.09649539e-01, 5.42224550e+00,
            -9.79441285e-01, 1.23473632e+00, 3.87588120e+00,
            -1.54264176e+00, -9.01980102e-01, 6.14206409e+00,
            -1.54264176e+00, -9.01980102e-01, 6.14206409e+00,
            -1.38737392e+00, 5.79272330e-01, 5.53592110e+00,
            -1.40742362e+00, 6.93007857e-02, 5.67657137e+00,
            -1.40742362e+00, 6.93007857e-02, 5.67657137e+00,
            -1.35954702e+00, 5.51481128e-01, 5.53618670e+00,
            -1.32089770e+00, 5.95872462e-01, 5.40430593e+00,
            -1.45089459e+00, -8.76649797e-01, 6.11174726e+00,
            -1.31211579e+00, 5.83466828e-01, 5.59447670e+00,
            -1.25052083e+00, 6.80734813e-01, 5.36876154e+00,
            -1.25052083e+00, 6.80734813e-01, 5.36876154e+00,
            -1.18060398e+00, 8.22429419e-01, 5.24246693e+00,
            -1.37136221e+00, -1.81263685e+00, 6.11165667e+00,
            -1.19370306e+00, 6.34060681e-01, 5.33176374e+00,
            -1.34467113e+00, -1.92679167e+00, 6.08853579e+00,
            -1.34467113e+00, -1.92679167e+00, 6.08853579e+00,
            -1.24099612e+00, -1.16222870e+00, 6.00162506e+00,
            -1.05879140e+00, 8.09996247e-01, 5.17435217e+00,
            -1.05879140e+00, 8.09996247e-01, 5.17435217e+00,
            -1.23031008e+00, -1.80405366e+00, 6.04572630e+00,
            -1.21904123e+00, -1.49694133e+00, 5.99862957e+00,
            -1.12369883e+00, -7.40479946e-01, 5.56285572e+00,
            -1.20902240e+00, -1.53057408e+00, 6.01755810e+00,
            -1.20902240e+00, -1.53057408e+00, 6.01755810e+00,
            -9.92687285e-01, -8.91202450e-01, 5.03999901e+00,
            -1.09578109e+00, -3.45965296e-01, 5.57617998e+00,
            -1.07789445e+00, -4.04803991e-01, 5.53238297e+00,
            -1.08260834e+00, -1.16246223e+00, 5.56427050e+00,
            -1.05979347e+00, -1.16111445e+00, 5.44947863e+00,
            -1.01020408e+00, 6.00558758e-01, 5.26257515e+00,
            -1.11493707e+00, -1.89442837e+00, 5.97878838e+00,
            -1.03032768e+00, -6.58905506e-01, 5.54886723e+00,
            -9.89429653e-01, -1.94763213e-01, 5.53967047e+00,
            -9.78141069e-01, -9.85001266e-01, 5.50454664e+00,
            -9.74348366e-01, -1.01738060e+00, 5.50838900e+00,
            -9.53433275e-01, -1.16430318e+00, 5.41060066e+00,
            -9.22651529e-01, 5.49793243e-01, 5.27845383e+00,
            -9.22651529e-01, 5.49793243e-01, 5.27845383e+00,
            -9.67483521e-01, -1.83056206e-01, 5.54351234e+00,
            -8.79613638e-01, 8.00629556e-01, 5.07906723e+00,
            -8.79613638e-01, 8.00629556e-01, 5.07906723e+00,
            -9.62317705e-01, 2.26164177e-01, 5.55792141e+00,
            -9.99447763e-01, -1.94585943e+00, 5.91300249e+00,
            -9.59375024e-01, -1.68870747e+00, 5.85558653e+00,
            -8.57172787e-01, -1.18795931e+00, 5.26821566e+00,
            -8.60553741e-01, -8.54404151e-01, 5.31884098e+00,
            -8.55838299e-01, -9.76716161e-01, 5.32632208e+00,
            -8.41533184e-01, -8.29769731e-01, 5.30229664e+00,
            -8.11400354e-01, -1.32953346e+00, 5.20332146e+00,
            -9.14547503e-01, -1.83540428e+00, 5.87761736e+00,
            -8.18017006e-01, -1.03282380e+00, 5.31933451e+00,
            -5.72816730e-01, 1.08739471e+00, 3.76373839e+00,
            -7.96020865e-01, -8.86460781e-01, 5.26262760e+00,
            -7.96017289e-01, -8.85037780e-01, 5.26474667e+00,
            -7.96017289e-01, -8.85037780e-01, 5.26474667e+00,
            -5.59426248e-01, 1.10726678e+00, 3.73631716e+00,
            -7.69179046e-01, -1.20504439e+00, 5.19372272e+00,
            -7.79052436e-01, -1.56461608e+00, 5.33848429e+00,
