{
    "Matrix": {
        "type_id": "opencv-matrix",
        "rows": 63,
        "cols": 1,
        "dt": "3f",
        "data": [ -1.28242588e+00, -1.85229540e+00, -4.22214717e-03,
            -1.29447985e+00, -2.11632276e+00, -4.75261873e-03,
            -1.30014920e+00, -2.24431729e+00, -5.34222927e-03,
            -1.28380358e+00, -1.90862966e+00, -4.84108971e-03,
            -1.30968857e+00, -2.44423676e+00, -5.47967525e-03,
            -1.33349049e+00, -2.95972514e+00, -6.53626537e-03,
            -1.30796063e+00, -2.40533733e+00, -5.32996096e-03,
            -1.30580914e+00, -2.35776711e+00, -5.19715156e-03,
            -1.28733933e+00, -1.94731033e+00, -4.63753194e-03,
            -1.34156883e+00, -3.13041306e+00, -6.86417287e-03,
            -1.28903913e+00, -2.01144099e+00, -5.08854305e-03,
            -1.26530063e+00, -1.58309662e+00, -5.64413145e-03,
            -1.27895832e+00, -1.79372358e+00, -4.61999699e-03,
            -1.28488231e+00, -1.90654516e+00, -4.35702363e-03,
            -1.30006778e+00, -2.24347806e+00, -5.35047008e-03,
            -1.28060555e+00, -1.81513309e+00, -4.19554161e-03,
            -1.30925322e+00, -2.42627168e+00, -5.33348834e-03,
            -1.29619169e+00, -2.15218186e+00, -4.83312272e-03,
            -1.33680856e+00, -3.03094149e+00, -6.86847791e-03,
            -1.24217355e+00, -9.86789227e-01, -2.75287498e-03,
            -1.29627478e+00, -2.15126514e+00, -4.74942336e-03,
            -1.28717005e+00, -1.95601618e+00, -4.44398867e-03,
            -1.33120155e+00, -2.90887022e+00, -6.51958538e-03,
            -1.29348445e+00, -2.07678986e+00, -4.62424895e-03,
            -1.19853842e+00, -3.17044646e-01, -5.66671649e-03,
            -1.33700264e+00, -3.02684808e+00, -6.62151072e-03,
            -1.20680273e+00, -4.57761526e-01, -5.55298105e-03,
            -1.19824696e+00, -3.13840836e-01, -5.69072273e-03,
            -1.19948840e+00, -3.31093699e-01, -5.62555203e-03,
            -1.28139830e+00, -1.83173120e+00, -4.20108065e-03,
            -1.22004676e+00, -5.47527850e-01, -4.05178871e-03,
            -1.33311212e+00, -2.94862676e+00, -6.59869146e-03,
            -1.19894564e+00, -3.58613938e-01, -6.34642923e-03,
            -1.23830378e+00, -9.02066469e-01, -4.32602735e-03,
            -1.33339214e+00, -2.95408630e+00, -6.62542367e-03,
            -1.31630313e+00, -2.61055207e+00, -6.98205642e-03,
            -1.32460499e+00, -2.76156592e+00, -6.09406177e-03,
            -1.21980989e+00, -5.42538762e-01, -4.04153671e-03,
            -1.33597696e+00, -3.00769019e+00, -6.58968836e-03,
            -1.22145534e+00, -5.74090242e-01, -4.14462015e-03,
            -1.32539916e+00, -2.80044031e+00, -7.12398393e-03,
            -1.22038686e+00, -5.54441512e-01, -4.07913420e-03,
            -1.23816001e+00, -8.98896813e-01, -4.32226481e-03,
            -1.22999179e+00, -7.38920391e-01, -3.99977155e-03,
            -1.31648922e+00, -2.61199641e+00, -6.95440918e-03,
            -1.33320391e+00, -2.95294285e+00, -6.60839630e-03,
            -1.22031593e+00, -5.51478863e-01, -4.06173477e-03,
            -1.31527174e+00, -2.58531570e+00, -6.89177867e-03,
            -1.22992039e+00, -7.35585868e-01, -3.99607467e-03,
            -1.32519794e+00, -2.79108572e+00, -7.09067564e-03,
            -1.22360075e+00, -6.13802373e-01, -4.25146800e-03,
            -1.22003305e+00, -5.47869444e-01, -4.06730874e-03,
            -1.31408691e+00, -2.56174779e+00, -6.84582302e-03,
            -1.23001289e+00, -7.36210585e-01, -3.99272237e-03,
            -1.32529783e+00, -2.79870391e+00, -7.17215519e-03,
            -1.22993660e+00, -7.35459864e-01, -4.00068378e-03,
            -1.22085714e+00, -5.62331378e-01, -4.08761762e-03,
            -1.31787801e+00, -2.63386202e+00, -6.88538095e-03,
            -1.31527233e+00, -2.58652425e+00, -6.88963989e-03,
            -1.23258615e+00, -7.86498129e-01, -3.90821649e-03,
            -1.36566508e+00, -3.62635159e+00, -7.19175488e-03,
            -1.23735321e+00, -8.81154001e-01, -4.29633958e-03,
            -1.23752570e+00, -8.82581055e-01, -4.06692410e-03 ]
    }
}
