{
    "K": {
        "type_id": "opencv-matrix",
        "rows": 3,
        "cols": 3,
        "dt": "f",
        "data": [ 7.73292725e+02, 0.0, 3.77500000e+02, 0.0,
            7.73292725e+02, 5.03500000e+02, 0.0, 0.0, 1.0 ]
    }
}
