{
    "points_3d": {
        "type_id": "opencv-matrix",
        "rows": 1123,
        "cols": 1,
        "dt": "3f",
        "data": [ -1.14666164e+00, -7.00676739e-01, 2.12959123e+00,
            -1.12252581e+00, 3.24879825e-01, 2.09304452e+00,
            -1.14054692e+00, -7.25264132e-01, 2.12883735e+00,
            -1.12277496e+00, 1.89665154e-01, 2.09696364e+00,
            -1.13131166e+00, -2.46393904e-01, 2.11820984e+00,
            -1.12883914e+00, -2.28772417e-01, 2.11907887e+00,
            -1.11595881e+00, 1.86095074e-01, 2.09737086e+00,
            -1.11595881e+00, 1.86095074e-01, 2.09737086e+00,
            -1.12594223e+00, -2.55931914e-01, 2.11681080e+00,
            -1.12715626e+00, -3.81946027e-01, 2.12101555e+00,
            -1.12533534e+00, -4.65480417e-01, 2.12455034e+00,
            -1.11185968e+00, 4.33199108e-02, 2.10435057e+00,
            -1.10204232e+00, 1.87930420e-01, 2.09591293e+00,
            -1.11879063e+00, -5.55845439e-01, 2.12991953e+00,
            -1.11948013e+00, -6.99911058e-01, 2.13613725e+00,
            -1.11905563e+00, -7.29177713e-01, 2.13614345e+00,
            -1.11224985e+00, -4.68385220e-01, 2.12773180e+00,
            -1.11224985e+00, -4.68385220e-01, 2.12773180e+00,
            -1.10571408e+00, -2.25768015e-01, 2.11773920e+00,
            -1.10564947e+00, -2.29839444e-01, 2.11811042e+00,
            -1.11270511e+00, -7.14469612e-01, 2.13858986e+00,
            -1.10174012e+00, -2.22691581e-01, 2.11867976e+00,
            -1.10163355e+00, -2.42730573e-01, 2.12099099e+00,
            -1.08994436e+00, 1.05169602e-01, 2.10818720e+00,
            -1.09707749e+00, -3.00369561e-01, 2.12513447e+00,
            -1.09310663e+00, -2.42993161e-01, 2.12094450e+00,
            -1.08690488e+00, -3.03129613e-01, 2.12675071e+00,
            -1.08690488e+00, -3.03129613e-01, 2.12675071e+00,
            -1.08218157e+00, -2.97629297e-01, 2.12714815e+00,
            -1.07946980e+00, -6.48157001e-01, 2.13928437e+00,
            -1.08105826e+00, -7.24922061e-01, 2.14787817e+00,
            -1.06654477e+00, -1.21878237e-01, 2.12332678e+00,
            -1.07506180e+00, -7.13517606e-01, 2.14600730e+00,
            -1.06007731e+00, 1.05522916e-01, 2.11611462e+00,
            -1.05621338e+00, 1.95327625e-01, 2.11362314e+00,
            -1.05621338e+00, 1.95327625e-01, 2.11362314e+00,
            -1.05996454e+00, -3.08032244e-01, 2.12868738e+00,
            -1.05381596e+00, -5.31351507e-01, 2.13838601e+00,
            -1.05514693e+00, -5.72536528e-01, 2.14296985e+00,
            -1.05117428e+00, -4.75775361e-01, 2.13827419e+00,
            -1.05117428e+00, -4.75775361e-01, 2.13827419e+00,
            -1.04985833e+00, -4.59149182e-01, 2.13803983e+00,
            -1.05364120e+00, -6.05431437e-01, 2.14578056e+00,
            -1.04756153e+00, -6.44412994e-01, 2.15047193e+00,
            -1.04756153e+00, -6.44412994e-01, 2.15047193e+00,
            -1.04609835e+00, -7.20277905e-01, 2.15117240e+00,
            -1.04342568e+00, -6.97680652e-01, 2.15482378e+00,
            -1.04182971e+00, -7.01816976e-01, 2.15259027e+00,
            -1.04206669e+00, -7.55181491e-01, 2.15441298e+00,
            -1.02881002e+00, -2.26823419e-01, 2.13549638e+00,
            -1.03750336e+00, -6.16844416e-01, 2.15399814e+00,
            -1.03750336e+00, -6.16844416e-01, 2.15399814e+00,
            -1.01910138e+00, 7.10957125e-02, 2.12517548e+00,
            -1.01502693e+00, 1.85117528e-01, 2.11797380e+00,
            -1.03263390e+00, -6.36011899e-01, 2.15666127e+00,
            -1.03263390e+00, -6.36011899e-01, 2.15666127e+00,
            -1.01477325e+00, 1.50473297e-01, 2.11936831e+00,
            -1.02052450e+00, -1.21606588e-01, 2.13333416e+00,
            -1.02119160e+00, -1.95378572e-01, 2.13606286e+00,
            -1.02800584e+00, -6.48055315e-01, 2.15729141e+00,
            -1.01911294e+00, -3.94390374e-01, 2.14034986e+00,
            -1.01581037e+00, -3.51017505e-01, 2.14003897e+00,
            -1.01796198e+00, -5.66062272e-01, 2.14871097e+00,
            -1.02047980e+00, -7.22010732e-01, 2.15622211e+00,
            -1.01282847e+00, -3.81084919e-01, 2.14713788e+00,
            -1.00659275e+00, -2.37608124e-02, 2.13484049e+00,
            -1.00659275e+00, -2.37608124e-02, 2.13484049e+00,
            -1.00014007e+00, 1.55740529e-01, 2.12265968e+00,
            -1.00905097e+00, -1.86266407e-01, 2.14262795e+00,
            -1.01376951e+00, -5.50066769e-01, 2.15441561e+00,
            -1.01467943e+00, -6.97547972e-01, 2.16065717e+00,
            -1.01467943e+00, -6.97547972e-01, 2.16065717e+00,
            -9.93357003e-01, 2.09779739e-01, 2.12579632e+00,
            -1.00820851e+00, -7.56775558e-01, 2.16376781e+00,
            -1.00438035e+00, -5.50747931e-01, 2.15724206e+00,
            -1.00407243e+00, -6.18786633e-01, 2.15710378e+00,
            -9.96951997e-01, -2.99543828e-01, 2.14365005e+00,
            -1.00240016e+00, -7.00242400e-01, 2.16158128e+00,
            -1.00080895e+00, -5.87186515e-01, 2.15894318e+00,
            -9.85585749e-01, 1.95899025e-01, 2.12797022e+00,
            -9.97776330e-01, -7.07016706e-01, 2.15995121e+00,
            -9.95543838e-01, -7.25921094e-01, 2.15840411e+00,
            -9.79404509e-01, 1.30997375e-01, 2.12726378e+00,
            -9.79404509e-01, 1.30997375e-01, 2.12726378e+00,
            -9.79404509e-01, 1.30997375e-01, 2.12726378e+00,
            -9.81126308e-01, 7.87487328e-02, 2.13159060e+00,
            -9.86675620e-01, -2.15684682e-01, 2.14499140e+00,
            -9.76083457e-01, 2.58894354e-01, 2.12237024e+00,
            -9.87100005e-01, -2.98435241e-01, 2.14875746e+00,
            -9.80927467e-01, 3.35722230e-02, 2.13859129e+00,
            -9.89109337e-01, -5.44165373e-01, 2.15876579e+00,
            -9.86890316e-01, -5.55660009e-01, 2.15596128e+00,
            -9.81510103e-01, -3.10452193e-01, 2.15010381e+00,
            -9.78582799e-01, -2.20266134e-01, 2.14590859e+00,
            -9.67464209e-01, 3.12173426e-01, 2.12498736e+00,
            -9.73573744e-01, -1.23473093e-01, 2.14258671e+00,
            -9.65501249e-01, 1.05325438e-01, 2.13110328e+00,
            -9.64461863e-01, 5.48018701e-02, 2.13326144e+00,
            -9.70972419e-01, -4.66885626e-01, 2.15389585e+00,
            -9.69248295e-01, -4.57656592e-01, 2.15089417e+00,
            -9.60832775e-01, 9.26966071e-02, 2.13314795e+00,
            -9.77957010e-01, -7.68481553e-01, 2.17289066e+00,
            -9.55873311e-01, 1.91805109e-01, 2.13336992e+00,
            -9.57859457e-01, 6.22103438e-02, 2.13822412e+00,
            -9.59779859e-01, -1.84316248e-01, 2.15146637e+00,
            -9.59483325e-01, -2.22659066e-01, 2.15146589e+00,
            -9.61371303e-01, -4.57338780e-01, 2.15921640e+00,
            -9.54548359e-01, -2.96713024e-01, 2.15165710e+00,
            -9.49719191e-01, 4.77584749e-02, 2.14168811e+00,
            -9.48197305e-01, 5.88874482e-02, 2.14056373e+00,
            -9.47927296e-01, -2.22687602e-01, 2.15598249e+00,
            -9.37394738e-01, 1.36600807e-01, 2.14421678e+00,
            -9.42827702e-01, -4.63449478e-01, 2.16187525e+00,
            -9.43809569e-01, -5.49416363e-01, 2.16582251e+00,
            -9.30589318e-01, 1.82073280e-01, 2.14079809e+00,
            -9.44090307e-01, -6.24914646e-01, 2.17359471e+00,
            -9.34209228e-01, -2.98397988e-01, 2.15600514e+00,
            -9.25073981e-01, 1.86244041e-01, 2.14037275e+00,
            -9.28370953e-01, 1.01268239e-01, 2.14821243e+00,
            -9.24736083e-01, 3.45467739e-02, 2.14669847e+00,
            -9.18758869e-01, 4.04911876e-01, 2.13370252e+00,
            -9.30994332e-01, -4.63963598e-01, 2.16815281e+00,
            -9.23790693e-01, -1.84453204e-01, 2.15912533e+00,
            -9.24185514e-01, -2.54948020e-01, 2.16120911e+00,
            -9.22400475e-01, -1.22720443e-01, 2.15727067e+00,
            -9.22400475e-01, -1.22720443e-01, 2.15727067e+00,
            -9.23926115e-01, -2.27790549e-01, 2.16362858e+00,
