{
    "points_3d": {
        "type_id": "opencv-matrix",
        "rows": 430,
        "cols": 1,
        "dt": "3f",
        "data": [ -1.34197772e+00, -4.58955407e-01, 2.63432693e+00,
            -1.34278643e+00, -5.86150825e-01, 2.63920403e+00,
            -1.29813850e+00, 7.71610916e-01, 2.60345602e+00,
            -1.32546151e+00, -6.06926560e-01, 2.66084671e+00,
            -1.32546151e+00, -6.06926560e-01, 2.66084671e+00,
            -1.28785741e+00, 7.68850625e-01, 2.62393618e+00,
            -1.29808426e+00, 1.64581969e-01, 2.65956759e+00,
            -1.30894113e+00, -5.94002068e-01, 2.69284034e+00,
            -1.30492508e+00, -1.88685983e-01, 2.68522596e+00,
            -1.30061758e+00, -2.02712595e-01, 2.68708706e+00,
            -1.29056084e+00, -2.01458275e-01, 2.70586562e+00,
            -1.26909125e+00, 7.85809159e-01, 2.66446543e+00,
            -1.29522204e+00, -7.75443316e-01, 2.72080564e+00,
            -1.29379785e+00, -4.19478536e-01, 2.71840978e+00,
            -1.27226734e+00, 7.29002774e-01, 2.67507839e+00,
            -1.28405249e+00, -4.44958955e-01, 2.73231483e+00,
            -1.28650713e+00, -9.44714010e-01, 2.74619174e+00,
            -1.28182924e+00, -7.86597610e-01, 2.74750495e+00,
            -1.28182924e+00, -7.86597610e-01, 2.74750495e+00,
            -1.26882100e+00, 1.51818320e-01, 2.73189497e+00,
            -1.26640093e+00, -2.01212481e-01, 2.72821808e+00,
            -1.26523268e+00, 3.10047399e-02, 2.74000454e+00,
            -1.25642836e+00, 2.74307817e-01, 2.72928953e+00,
            -1.24958074e+00, 4.99563336e-01, 2.72289419e+00,
            -1.26164818e+00, -4.33485001e-01, 2.77153254e+00,
            -1.26461005e+00, -9.43192720e-01, 2.78832221e+00,
            -1.24782574e+00, 2.66151667e-01, 2.75632143e+00,
            -1.25156188e+00, -3.65179092e-01, 2.78105712e+00,
            -1.25156188e+00, -3.65179092e-01, 2.78105712e+00,
            -1.25919771e+00, -7.70536602e-01, 2.79911661e+00,
            -1.24206257e+00, 2.29523271e-01, 2.76474380e+00,
            -1.25506675e+00, -8.04981411e-01, 2.80402994e+00,
            -1.24557650e+00, -2.46980160e-01, 2.78515148e+00,
            -1.25186300e+00, -6.10757947e-01, 2.81088781e+00,
            -1.23287201e+00, 1.95422739e-01, 2.77771950e+00,
            -1.23863268e+00, -6.86403096e-01, 2.81769991e+00,
            -1.23175812e+00, -2.99021780e-01, 2.80710983e+00,
            -1.22567379e+00, 3.97715837e-01, 2.79668260e+00,
            -1.21701586e+00, 2.81518131e-01, 2.79891586e+00,
            -1.22943294e+00, -3.83246630e-01, 2.84314489e+00,
            -1.21126103e+00, 3.07413518e-01, 2.80587602e+00,
            -1.20768774e+00, 3.07098508e-01, 2.80124974e+00,
            -1.20768774e+00, 3.07098508e-01, 2.80124974e+00,
            -1.20035219e+00, 5.42346418e-01, 2.80144262e+00,
            -1.20007074e+00, 9.74708080e-01, 2.80335832e+00,
            -1.21143639e+00, 3.29028927e-02, 2.83559012e+00,
            -1.21803832e+00, -5.82788110e-01, 2.85257983e+00,
            -1.19537008e+00, 7.57899880e-01, 2.80536342e+00,
            -1.21671438e+00, -6.05247557e-01, 2.86844230e+00,
            -1.18983424e+00, 6.15037322e-01, 2.82118082e+00,
            -1.19924128e+00, 1.50151655e-01, 2.84692812e+00,
            -1.19160974e+00, 2.84842670e-01, 2.83346319e+00,
            -1.18780470e+00, 3.67112428e-01, 2.83384252e+00,
            -1.18780470e+00, 3.67112428e-01, 2.83384252e+00,
            -1.18780470e+00, 3.67112428e-01, 2.83384252e+00,
            -1.20534599e+00, -2.00110003e-01, 2.87628841e+00,
            -1.20534599e+00, -2.00110003e-01, 2.87628841e+00,
            -1.21187639e+00, -8.10350001e-01, 2.89360619e+00,
            -1.18055773e+00, 6.54164791e-01, 2.82784963e+00,
            -1.17947292e+00, 7.86694646e-01, 2.83994293e+00,
            -1.19752300e+00, -8.29949796e-01, 2.90656853e+00,
            -1.17568290e+00, 9.56730843e-01, 2.85333896e+00,
            -1.17241526e+00, 7.73789883e-01, 2.84676647e+00,
            -1.19859719e+00, -7.88990974e-01, 2.91195083e+00,
            -1.16432238e+00, 2.27711216e-01, 2.89466238e+00,
            -1.15333915e+00, 7.71993637e-01, 2.87413526e+00,
            -1.15184653e+00, 9.56912994e-01, 2.88345098e+00,
            -1.16467011e+00, 1.15096882e-01, 2.93036580e+00,
            -1.17104757e+00, -6.06337011e-01, 2.95087528e+00,
            -1.17070556e+00, -9.46826816e-01, 2.95320511e+00,
            -1.17374063e+00, -9.71711338e-01, 2.96167254e+00,
            -1.16865003e+00, -7.62799680e-01, 2.94907689e+00,
            -1.14712667e+00, 6.24749839e-01, 2.90267038e+00,
            -1.14712667e+00, 6.24749839e-01, 2.90267038e+00,
            -1.14873624e+00, 4.66606289e-01, 2.91104865e+00,
            -1.16626239e+00, -5.87986112e-01, 2.96222091e+00,
            -1.15794957e+00, 2.37233285e-02, 2.94968748e+00,
            -1.13758421e+00, 7.83612609e-01, 2.90422153e+00,
            -1.15158176e+00, 1.36117652e-01, 2.94243526e+00,
            -1.14193285e+00, 3.37872505e-01, 2.92690754e+00,
            -1.15477324e+00, -4.27150667e-01, 2.98473930e+00,
            -1.15062666e+00, -4.48088855e-01, 2.97854710e+00,
            -1.14698160e+00, -4.88601863e-01, 2.97530079e+00,
            -1.12516189e+00, 9.87939239e-01, 2.93956351e+00,
            -1.11949801e+00, 7.11772680e-01, 2.94923925e+00,
            -1.12822676e+00, 4.88194861e-02, 2.99582243e+00,
            -1.14253914e+00, -9.21525717e-01, 3.03959203e+00,
            -1.13178504e+00, -1.85730413e-01, 3.01995659e+00,
            -1.12481201e+00, -1.47932619e-01, 3.00585675e+00,
            -1.12481201e+00, -1.47932619e-01, 3.00585675e+00,
            -1.11041212e+00, 9.75753367e-01, 2.97378325e+00,
            -1.11360478e+00, 4.08578455e-01, 2.98298907e+00,
            -1.12396181e+00, 1.09021589e-02, 3.01347613e+00,
            -1.12588871e+00, -4.25586790e-01, 3.02255535e+00,
            -1.12588871e+00, -4.25586790e-01, 3.02255535e+00,
            -1.10920119e+00, 6.47306442e-01, 2.98036242e+00,
            -1.11116731e+00, 6.33039236e-01, 2.98602676e+00,
            -1.12780404e+00, -6.24212325e-01, 3.03147054e+00,
            -1.11443961e+00, 1.60358399e-01, 3.00354147e+00,
            -1.12140155e+00, -1.96874753e-01, 3.02531099e+00,
            -1.11307395e+00, 5.19457519e-01, 3.00447369e+00,
            -1.12822843e+00, -9.49276388e-01, 3.05717325e+00,
            -1.11297333e+00, -3.69926542e-02, 3.02196121e+00,
            -1.09685814e+00, 9.05864418e-01, 2.98177648e+00,
            -1.09685814e+00, 9.05864418e-01, 2.98177648e+00,
            -1.11338007e+00, -1.59434006e-02, 3.02959394e+00,
            -1.11390889e+00, -6.15043223e-01, 3.03110862e+00,
            -1.12034822e+00, -7.96573102e-01, 3.04952693e+00,
            -1.10995877e+00, -4.36022103e-01, 3.03714800e+00,
            -1.12191069e+00, -9.29635704e-01, 3.07536340e+00,
            -1.10203946e+00, 2.18259115e-02, 3.02229738e+00,
            -1.11514199e+00, -8.58746946e-01, 3.06851292e+00,
            -1.09624934e+00, 5.03876328e-01, 3.01919770e+00,
            -1.11377120e+00, -9.01502430e-01, 3.07345033e+00,
            -1.10641754e+00, -5.92716396e-01, 3.06276321e+00,
            -1.10907948e+00, -7.70353377e-01, 3.07381535e+00,
            -1.09243810e+00, 1.96419239e-01, 3.04885793e+00,
            -1.10387027e+00, -9.27857399e-01, 3.09446740e+00,
            -1.10301995e+00, -7.85620272e-01, 3.09310794e+00,
            -1.10301995e+00, -7.85620272e-01, 3.09310794e+00,
            -1.09501112e+00, -3.92277449e-01, 3.08108139e+00,
            -1.07648015e+00, 8.09545279e-01, 3.05151272e+00,
            -1.07645321e+00, 3.50059777e-01, 3.05141115e+00,
            -1.07952738e+00, 3.79246742e-01, 3.06232786e+00,
            -1.08555770e+00, -9.82209086e-01, 3.11772442e+00,
            -1.08555770e+00, -9.82209086e-01, 3.11772442e+00,
            -1.06623805e+00, 2.45159730e-01, 3.09359884e+00,
            -1.06623805e+00, 2.45159730e-01, 3.09359884e+00,
