{
    "points_3d": {
        "type_id": "opencv-matrix",
        "rows": 687,
        "cols": 1,
        "dt": "3f",
        "data": [ -7.13985324e-01, -2.19131991e-01, 2.62735963e+00,
            -7.02012300e-01, -4.23752844e-01, 2.59357691e+00,
            -6.81764364e-01, -6.13444924e-01, 2.57666111e+00,
            -6.73055589e-01, -6.23729289e-01, 2.57931685e+00,
            -6.73055589e-01, -6.23729289e-01, 2.57931685e+00,
            -6.97784603e-01, -4.36983816e-02, 2.67616487e+00,
            -6.98456049e-01, -3.01568955e-02, 2.67960358e+00,
            -7.15231299e-01, 3.42451632e-01, 2.74823165e+00,
            -6.76614165e-01, -4.93870050e-01, 2.60410857e+00,
            -6.75958395e-01, -4.61698800e-01, 2.60842609e+00,
            -6.64974093e-01, -6.94504261e-01, 2.57236838e+00,
            -6.97737038e-01, 1.10890239e-01, 2.70819449e+00,
            -7.09979177e-01, 3.72372389e-01, 2.75573158e+00,
            -6.70968413e-01, -5.10590434e-01, 2.60555077e+00,
            -6.67860150e-01, -5.58761775e-01, 2.59610510e+00,
            -6.91009402e-01, 1.26504141e-03, 2.69175935e+00,
            -7.08959818e-01, 4.22622263e-01, 2.76391530e+00,
            -6.70794785e-01, -4.54138547e-01, 2.61602211e+00,
            -6.91082597e-01, 2.88738124e-02, 2.69678783e+00,
            -6.85864866e-01, -4.81549166e-02, 2.68009448e+00,
            -6.69940770e-01, -4.02411968e-01, 2.62331486e+00,
            -6.79580510e-01, -1.43840611e-01, 2.66516995e+00,
            -6.80424988e-01, -1.33657873e-01, 2.66922903e+00,
            -6.60382986e-01, -5.56560695e-01, 2.60001230e+00,
            -6.61593378e-01, -4.97637838e-01, 2.60728025e+00,
            -6.67762160e-01, -3.45842481e-01, 2.63388252e+00,
            -6.80688381e-01, -3.33744995e-02, 2.68674040e+00,
            -6.80688381e-01, -3.33744995e-02, 2.68674040e+00,
            -6.66885555e-01, -3.31679374e-01, 2.63597345e+00,
            -6.61633432e-01, -4.50146317e-01, 2.61897993e+00,
            -6.67582393e-01, -3.02643687e-01, 2.64277244e+00,
            -6.68910384e-01, -2.75795728e-01, 2.64915109e+00,
            -6.69332027e-01, -2.48420939e-01, 2.65201902e+00,
            -6.54302239e-01, -6.15670919e-01, 2.59354734e+00,
            -6.83016896e-01, 7.55732358e-02, 2.70824099e+00,
            -6.72845900e-01, -1.67639658e-01, 2.66811252e+00,
            -6.71982586e-01, -1.51633441e-01, 2.66868544e+00,
            -6.60700321e-01, -4.03154612e-01, 2.62474918e+00,
            -6.71995401e-01, -1.42316893e-01, 2.67085338e+00,
            -6.71995401e-01, -1.42316893e-01, 2.67085338e+00,
            -6.69565678e-01, -1.94884330e-01, 2.66145611e+00,
            -6.72928333e-01, -8.99259076e-02, 2.67795253e+00,
            -6.47617757e-01, -7.08828092e-01, 2.57827616e+00,
            -6.67900085e-01, -1.95006832e-01, 2.66069841e+00,
            -6.74405932e-01, -3.66383493e-02, 2.68765450e+00,
            -6.45694733e-01, -7.09604681e-01, 2.57510257e+00,
            -6.85476482e-01, 2.48413727e-01, 2.73902583e+00,
            -6.63089871e-01, -2.49358416e-01, 2.65420222e+00,
            -6.63089871e-01, -2.49358416e-01, 2.65420222e+00,
            -6.80502892e-01, 1.91763729e-01, 2.72932196e+00,
            -6.89196706e-01, 3.97994906e-01, 2.76575875e+00,
            -6.90614402e-01, 4.21632975e-01, 2.77252007e+00,
            -6.66288793e-01, -1.46412671e-01, 2.67661762e+00,
            -6.66288793e-01, -1.46412671e-01, 2.67661762e+00,
            -6.48007274e-01, -5.70871055e-01, 2.60338664e+00,
            -6.71074331e-01, 5.59754716e-03, 2.69600964e+00,
            -6.44408107e-01, -6.60391688e-01, 2.59578586e+00,
            -6.47142828e-01, -5.48808992e-01, 2.60799694e+00,
            -6.61967099e-01, -1.39353797e-01, 2.67478919e+00,
            -6.44384384e-01, -5.77645123e-01, 2.60419488e+00,
            -6.49130523e-01, -4.42737192e-01, 2.62556934e+00,
            -6.83305562e-01, 4.61968482e-01, 2.76638269e+00,
            -6.79284513e-01, 3.95836711e-01, 2.76881218e+00,
            -6.60708308e-01, -4.48344043e-03, 2.70138836e+00,
            -6.78470492e-01, 4.12216634e-01, 2.77684808e+00,
            -6.30586088e-01, -6.97291911e-01, 2.58569932e+00,
            -6.69061244e-01, 2.34584749e-01, 2.74637914e+00,
            -6.69147253e-01, 4.20845121e-01, 2.77919412e+00,
            -6.23645425e-01, -5.34840584e-01, 2.62067819e+00,
            -6.35141790e-01, -1.18393183e-01, 2.68919373e+00,
            -6.44785106e-01, 2.19554245e-01, 2.75115871e+00,
            -6.46548331e-01, 2.71617889e-01, 2.76314354e+00,
            -6.12841785e-01, -4.46839660e-01, 2.64220476e+00,
            -6.28026128e-01, -4.57676798e-02, 2.70901537e+00,
            -5.91353953e-01, -6.22569382e-01, 2.61237597e+00,
            -5.92679799e-01, -5.56883037e-01, 2.62822056e+00,
            -5.93008757e-01, -5.35818338e-01, 2.63210893e+00,
            -5.93084395e-01, -5.21855354e-01, 2.63278913e+00,
            -5.93590677e-01, -5.00147402e-01, 2.63775468e+00,
            -5.86534441e-01, -5.12780309e-01, 2.64017034e+00,
            -5.96449971e-01, -1.72697946e-01, 2.69472671e+00,
            -6.01863384e-01, -1.22214807e-02, 2.72511888e+00,
            -6.12083554e-01, 3.20346057e-01, 2.78372860e+00,
            -5.79234123e-01, -5.53511381e-01, 2.63524389e+00,
            -5.77243268e-01, -5.65976024e-01, 2.63150024e+00,
            -5.77243268e-01, -5.65976024e-01, 2.63150024e+00,
            -5.95948517e-01, -7.95063153e-02, 2.71751475e+00,
            -6.01709962e-01, 1.37288943e-01, 2.75175142e+00,
            -5.97904801e-01, 2.31779795e-02, 2.73522735e+00,
            -5.74812293e-01, -5.88532329e-01, 2.62965155e+00,
            -5.92264175e-01, -8.85951519e-02, 2.71158862e+00,
            -5.99406421e-01, 1.09579049e-01, 2.74624872e+00,
            -5.98481774e-01, 9.43538025e-02, 2.74307537e+00,
            -5.81731796e-01, -3.64548624e-01, 2.66642332e+00,
            -5.94892383e-01, 2.78291628e-02, 2.73292208e+00,
            -6.02730691e-01, 2.47942552e-01, 2.77526593e+00,
            -6.04594946e-01, 3.03555667e-01, 2.78404617e+00,
            -6.04594946e-01, 3.03555667e-01, 2.78404617e+00,
            -5.68508506e-01, -6.15940034e-01, 2.63139582e+00,
            -5.89826465e-01, 6.67636981e-03, 2.73354101e+00,
            -5.85512221e-01, -9.61311832e-02, 2.71459198e+00,
            -5.67830741e-01, -5.82629859e-01, 2.63325644e+00,
            -5.75451016e-01, -3.57794434e-01, 2.67239261e+00,
            -5.63100636e-01, -7.00766385e-01, 2.61582232e+00,
            -5.76994717e-01, -3.03280443e-01, 2.68135881e+00,
            -5.76994717e-01, -3.03280443e-01, 2.68135881e+00,
            -5.74784279e-01, -3.74323964e-01, 2.67384005e+00,
            -5.95611453e-01, 2.55816400e-01, 2.77938080e+00,
            -5.95611453e-01, 2.55816400e-01, 2.77938080e+00,
            -5.97576618e-01, 3.21287543e-01, 2.78852010e+00,
            -5.97576618e-01, 3.21287543e-01, 2.78852010e+00,
            -5.82469463e-01, 2.53918610e-04, 2.73351359e+00,
            -5.73435903e-01, -3.69086653e-01, 2.70183825e+00,
            -5.60771048e-01, -5.48235893e-01, 2.64217186e+00,
            -5.72018623e-01, -3.69004637e-01, 2.69946814e+00,
            -5.63147426e-01, -3.65071058e-01, 2.67703247e+00,
            -5.63147426e-01, -3.65071058e-01, 2.67703247e+00,
            -5.54115772e-01, -5.20326734e-01, 2.65225863e+00,
            -5.59981048e-01, -2.48581395e-01, 2.70138931e+00,
            -5.43416798e-01, -7.00976670e-01, 2.62325478e+00,
            -5.73269427e-01, 2.03316614e-01, 2.77950954e+00,
            -5.68673015e-01, 9.65934843e-02, 2.75799799e+00,
            -5.72319925e-01, 2.36582428e-01, 2.78409004e+00,
            -5.50066352e-01, -3.73893887e-01, 2.67575812e+00,
            -5.70972919e-01, 2.65698254e-01, 2.78972006e+00,
            -5.69538951e-01, 2.99773157e-01, 2.79218340e+00,
            -5.52296817e-01, -2.05474958e-01, 2.70781994e+00,
